script_begin


[HelperObjectBegin]
	*dpgoto_transport01	-34	-61	-55		34	61	55
	-node_tm
	-0.005236 0.000000 -0.999986 0.000000
	0.000000 1.000000 0.000000 0.000000
	0.999986 0.000000 -0.005236 0.000000
	9577.160156 -20.933365 2937.110107 1.000000

	*dpfrom_transport01	-34	-61	-55		34	61	55
	-node_tm
	-0.005236 0.000000 -0.999986 0.000000
	0.000000 1.000000 0.000000 0.000000
	0.999986 0.000000 -0.005236 0.000000
	9577.160156 -20.933365 2937.110107 1.000000

	*dpfrom_cora_camp	-121	-25	-53		121	25	53
	-node_tm
	0.701158 0.000000 -0.713006 0.000000
	0.000000 1.000000 0.000000 0.000000
	0.713006 0.000000 0.701158 0.000000
	8266.922852 -143.784927 -448.161194 1.000000

	*dpfrom_resources	-121	-25	-53		121	25	53
	-node_tm
	0.701158 0.000000 -0.713006 0.000000
	0.000000 1.000000 0.000000 0.000000
	0.713006 0.000000 0.701158 0.000000
	8266.922852 -144.999237 -448.161194 1.000000

	*dpgoto_cora_camp	-99	-25	-100		99	25	100
	-node_tm
	0.722002 0.000000 -0.691891 0.000000
	0.000000 1.000000 0.000000 0.000000
	0.691891 0.000000 0.722002 0.000000
	7069.296875 -128.175140 751.155334 1.000000

	*dpgoto_neutralcs1_town	-99	-25	-100		99	25	100
	-node_tm
	0.722002 0.000000 -0.691891 0.000000
	0.000000 1.000000 0.000000 0.000000
	0.691891 0.000000 0.722002 0.000000
	7069.296875 -128.050903 751.155334 1.000000

	*dpgoto_neutralcs2_town	-99	-25	-100		99	25	100
	-node_tm
	0.722002 0.000000 -0.691891 0.000000
	0.000000 1.000000 0.000000 0.000000
	0.691891 0.000000 0.722002 0.000000
	7069.296875 -128.050903 751.155334 1.000000

	*dpgoto_resources	-99	-25	-100		99	25	100
	-node_tm
	0.722002 0.000000 -0.691891 0.000000
	0.000000 1.000000 0.000000 0.000000
	0.691891 0.000000 0.722002 0.000000
	7069.296875 -128.050903 751.155334 1.000000

	*dpgoto_neutralcs1	-399	-184	-428		399	184	428
	-node_tm
	1.000000 0.000000 -0.000000 0.000000
	0.000000 1.000000 0.000000 0.000000
	0.000000 0.000000 1.000000 0.000000
	-10657.958008 1505.764771 -173.672302 1.000000

	*dpfrom_neutralcs1	-220	-184	-220		220	184	220
	-node_tm
	1.000000 0.000000 -0.000000 0.000000
	0.000000 1.000000 0.000000 0.000000
	0.000000 0.000000 1.000000 0.000000
	-9975.497070 1517.725342 -308.571564 1.000000

	*dpgoto_cora_hq	-142	-25	-121		142	25	121
	-node_tm
	0.999998 0.000000 -0.002013 0.000000
	0.000000 1.000000 0.000000 0.000000
	0.002013 0.000000 0.999998 0.000000
	-5477.164063 1300.492554 -175.672180 1.000000

	*dpfrom_cora_hq	-141	-25	-52		141	25	52
	-node_tm
	0.999998 0.000000 -0.002013 0.000000
	0.000000 1.000000 0.000000 0.000000
	0.002013 0.000000 0.999998 0.000000
	-5488.818359 1299.114868 39.683674 1.000000

	*dpgoto_sette	-99	-25	-100		99	25	100
	-node_tm
	0.722002 0.000000 -0.691891 0.000000
	0.000000 1.000000 0.000000 0.000000
	0.691891 0.000000 0.722002 0.000000
	7069.296875 -128.050903 751.155334 1.000000

	*dpfrom_sette	-121	-25	-53		121	25	53
	-node_tm
	0.701158 0.000000 -0.713006 0.000000
	0.000000 1.000000 0.000000 0.000000
	0.713006 0.000000 0.701158 0.000000
	8266.924805 -145.541061 -448.365265 1.000000

	*dpfrom_elan_cora	-121	-25	-53		121	25	53
	-node_tm
	0.701158 0.000000 -0.713006 0.000000
	0.000000 1.000000 0.000000 0.000000
	0.713006 0.000000 0.701158 0.000000
	8266.924805 -145.046967 -448.365265 1.000000
	
	*dpgoto_dungeon06c	-121	-25	-53		121	25	53
	-node_tm
	0.701158 0.000000 -0.713006 0.000000
	0.000000 1.000000 0.000000 0.000000
	0.713006 0.000000 0.701158 0.000000
	8264.857422 -149.452576 -449.297119 1.000000

	*dpgoto_dungeon06c60	-121	-25	-53		121	25	53
	-node_tm
	0.701158 0.000000 -0.713006 0.000000
	0.000000 1.000000 0.000000 0.000000
	0.713006 0.000000 0.701158 0.000000
	8265.985352 -154.866516 -449.467102 1.000000

	*dpfrom_dungeon06c	-121	-25	-53		121	25	53
	-node_tm
	0.701158 0.000000 -0.713006 0.000000
	0.000000 1.000000 0.000000 0.000000
	0.713006 0.000000 0.701158 0.000000
	8265.140625 -151.237000 -448.944153 1.000000

	*dpfrom_dungeon06c60	-121	-25	-53		121	25	53
	-node_tm
	0.701158 0.000000 -0.713006 0.000000
	0.000000 1.000000 0.000000 0.000000
	0.713006 0.000000 0.701158 0.000000
	8265.351563 -151.927246 -449.275421 1.000000

	*dpgoto_dungeon06c65	-121	-25	-53		121	25	53
	-node_tm
	0.701158 0.000000 -0.713006 0.000000
	0.000000 1.000000 0.000000 0.000000
	0.713006 0.000000 0.701158 0.000000
	8266.048828 -154.871429 -448.719299 1.000000

	*dpfrom_dungeon06c65	-121	-25	-53		121	25	53
	-node_tm
	0.701158 0.000000 -0.713006 0.000000
	0.000000 1.000000 0.000000 0.000000
	0.713006 0.000000 0.701158 0.000000
	8265.645508 -154.814301 -448.976227 1.000000

	*sd04000	-10	-15	-10		10	15	10
	-node_tm
	1.000000 0.000000 -0.000000 0.000000
	0.000000 1.000000 0.000000 0.000000
	0.000000 0.000000 1.000000 0.000000
	7085.937012 -146.762787 1341.760620 1.000000

	*sd04020	-10	-15	-10		10	15	10
	-node_tm
	1.000000 0.000000 -0.000000 0.000000
	0.000000 1.000000 0.000000 0.000000
	0.000000 0.000000 1.000000 0.000000
	7055.498047 -144.762619 1340.547241 1.000000

	*sd04010	-25	-25	-25		25	25	25
	-node_tm
	1.000000 0.000000 -0.000000 0.000000
	0.000000 1.000000 0.000000 0.000000
	0.000000 0.000000 1.000000 0.000000
	7585.140625 -141.162491 798.639587 1.000000

	*sd04100	-25	-25	-25		25	25	25
	-node_tm
	0.999966 0.000000 -0.008243 0.000000
	0.000000 1.000000 0.000000 0.000000
	0.008243 0.000000 0.999966 0.000000
	6463.093750 -146.516129 754.154846 1.000000

	*sd04060	-25	-25	-25		25	25	25
	-node_tm
	1.000000 0.000000 -0.000000 0.000000
	0.000000 1.000000 0.000000 0.000000
	0.000000 0.000000 1.000000 0.000000
	7579.515625 -138.112198 704.572205 1.000000

	*sd040a0	-10	-15	-10		10	15	10
	-node_tm
	0.999921 0.000000 -0.012568 0.000000
	0.000000 1.000000 0.000000 0.000000
	0.012568 0.000000 0.999921 0.000000
	8183.874023 -131.206223 559.054382 1.000000

	*sd04050	-10	-15	-10		10	15	10
	-node_tm
	1.000000 0.000000 -0.000000 0.000000
	0.000000 1.000000 0.000000 0.000000
	0.000000 0.000000 1.000000 0.000000
	8136.018066 -134.075256 515.013000 1.000000

	*sd04002	-25	-25	-25		25	25	25
	-node_tm
	0.999998 0.000000 -0.002013 0.000000
	0.000000 1.000000 0.000000 0.000000
	0.002013 0.000000 0.999998 0.000000
	-5678.473633 1312.975220 515.106873 1.000000

	*sd04022	-25	-25	-25		25	25	25
	-node_tm
	0.999998 0.000000 -0.002013 0.000000
	0.000000 1.000000 0.000000 0.000000
	0.002013 0.000000 0.999998 0.000000
	-5297.934082 1312.975220 518.621338 1.000000

	*sd04012	-25	-25	-25		25	25	25
	-node_tm
	0.706490 0.000000 -0.707723 0.000000
	0.000000 1.000000 0.000000 0.000000
	0.707723 0.000000 0.706490 0.000000
	-5118.864258 1306.409912 -331.065704 1.000000

	*sd04001	-15	-25	-18		15	25	18
	-node_tm
	0.999998 0.000000 -0.002013 0.000000
	0.000000 1.000000 0.000000 0.000000
	0.002013 0.000000 0.999998 0.000000
	9522.050781 -269.472595 390.266052 1.000000

	*sd04021	-15	-25	-18		15	25	18
	-node_tm
	0.024607 0.000000 -0.999697 0.000000
	0.000000 1.000000 0.000000 0.000000
	0.999697 0.000000 0.024607 0.000000
	8904.219727 -270.519775 821.701233 1.000000

	*sd040f0	-20	-14	-20		20	14	20
	-node_tm
	1.000000 0.000000 -0.000000 0.000000
	0.000000 1.000000 0.000000 0.000000
	0.000000 0.000000 1.000000 0.000000
	9017.725586 -132.868912 -1197.317505 1.000000

	*bd04020	-35	-25	-45		35	25	45
	-node_tm
	-0.012042 0.000000 -0.999928 0.000000
	0.000000 1.000000 0.000000 0.000000
	0.999928 0.000000 -0.012042 0.000000
	7044.297852 -136.231552 1222.629395 1.000000

	*bd04000	-52	-25	-31		52	25	31
	-node_tm
	1.000000 0.000000 -0.000000 0.000000
	0.000000 1.000000 0.000000 0.000000
	0.000000 0.000000 1.000000 0.000000
	7106.560547 -139.231613 1222.356812 1.000000

	*bd04010	-28	-25	-68		28	25	68
	-node_tm
	1.000000 0.000000 -0.000000 0.000000
	0.000000 1.000000 0.000000 0.000000
	0.000000 0.000000 1.000000 0.000000
	7510.171387 -142.431351 796.674500 1.000000

	*bd04060	-23	-25	-64		23	25	64
	-node_tm
	1.000000 0.000000 -0.000000 0.000000
	0.000000 1.000000 0.000000 0.000000
	0.000000 0.000000 1.000000 0.000000
	7508.292480 -132.580917 702.836426 1.000000

	*bd04100	-28	-25	-59		28	25	59
	-node_tm
	1.000000 0.000000 -0.000000 0.000000
	0.000000 1.000000 0.000000 0.000000
	0.000000 0.000000 1.000000 0.000000
	6546.471680 -142.984772 757.189026 1.000000

	*bd04021	-61	-25	-34		61	25	34
	-node_tm
	-0.997660 0.000000 -0.068371 0.000000
	0.000000 1.000000 0.000000 0.000000
	0.068371 0.000000 -0.997660 0.000000
	8906.716797 -270.935059 752.017700 1.000000

	*bd040f0	-30	-14	-67		30	14	67
	-node_tm
	0.716911 0.000000 -0.697165 0.000000
	0.000000 1.000000 0.000000 0.000000
	0.697165 0.000000 0.716911 0.000000
	8939.276367 -149.354370 -1115.636108 1.000000

	*bd04050	-85	-30	-30		85	30	30
	-node_tm
	-0.000000 0.000000 -1.000000 0.000000
	0.000000 1.000000 0.000000 0.000000
	1.000000 0.000000 -0.000000 0.000000
	8073.505371 -128.143982 540.119507 1.000000

	*bd040a0	-30	-30	-85		30	30	85
	-node_tm
	1.000000 0.000000 -0.000000 0.000000
	0.000000 1.000000 0.000000 0.000000
	0.000000 0.000000 1.000000 0.000000
	8075.203613 -135.644501 539.896179 1.000000

	*bd04002	-64	-25	-34		64	25	34
	-node_tm
	0.999998 0.000000 -0.002013 0.000000
	0.000000 1.000000 0.000000 0.000000
	0.002013 0.000000 0.999998 0.000000
	-5676.958984 1312.975098 423.107391 1.000000

	*bd04022	-78	-25	-43		78	25	43
	-node_tm
	0.999998 0.000000 -0.002013 0.000000
	0.000000 1.000000 0.000000 0.000000
	0.002013 0.000000 0.999998 0.000000
	-5296.711426 1312.974487 423.367767 1.000000

	*bd04012	-25	-25	-73		25	25	73
	-node_tm
	0.706490 0.000000 -0.707723 0.000000
	0.000000 1.000000 0.000000 0.000000
	0.707723 0.000000 0.706490 0.000000
	-5179.738281 1284.938843 -279.743011 1.000000

	*bd04001	-25	-25	-62		25	25	62
	-node_tm
	0.998906 0.000000 -0.046763 0.000000
	0.000000 1.000000 0.000000 0.000000
	0.046763 0.000000 0.998906 0.000000
	9455.849609 -262.741150 386.457458 1.000000

	*sd04120	-10	-10	-10		10	10	10
	-node_tm
	-0.020593 0.000000 -0.999788 0.000000
	0.000000 1.000000 0.000000 0.000000
	0.999788 0.000000 -0.020593 0.000000
	9147.586914 -124.955963 2940.882324 1.000000

	*bd04120	-100	-10	-50		100	10	50
	-node_tm
	-0.050070 0.000000 -0.998746 0.000000
	0.000000 1.000000 0.000000 0.000000
	0.998746 0.000000 -0.050070 0.000000
	9069.436523 -124.955627 2945.747559 1.000000

	*neutralcm01	-500	-150	-400		500	150	400
	-node_tm
	1.000000 0.000000 -0.000000 0.000000
	0.000000 1.000000 0.000000 0.000000
	0.000000 0.000000 1.000000 0.000000
	8147.138184 5.721616 3290.812012 1.000000

	*dmm01_0	-100	-150	-100		100	150	100
	-node_tm
	1.000000 0.000000 -0.000000 0.000000
	0.000000 1.000000 0.000000 0.000000
	0.000000 0.000000 1.000000 0.000000
	7603.538574 22.721617 2922.212402 1.000000

	*dmm01_1	-100	-150	-100		100	150	100
	-node_tm
	1.000000 0.000000 -0.000000 0.000000
	0.000000 1.000000 0.000000 0.000000
	0.000000 0.000000 1.000000 0.000000
	7803.538574 22.721617 2922.212402 1.000000

	*dmm01_2	-100	-150	-100		100	150	100
	-node_tm
	1.000000 0.000000 -0.000000 0.000000
	0.000000 1.000000 0.000000 0.000000
	0.000000 0.000000 1.000000 0.000000
	8003.341309 22.721617 2922.245361 1.000000

	*dmm01_3	-100	-150	-100		100	150	100
	-node_tm
	1.000000 0.000000 -0.000000 0.000000
	0.000000 1.000000 0.000000 0.000000
	0.000000 0.000000 1.000000 0.000000
	8201.306641 22.721617 2922.175293 1.000000

	*dmm01_4	-100	-150	-100		100	150	100
	-node_tm
	1.000000 0.000000 -0.000000 0.000000
	0.000000 1.000000 0.000000 0.000000
	0.000000 0.000000 1.000000 0.000000
	8403.268555 22.721617 2922.297607 1.000000

	*dmm01_5	-100	-150	-100		100	150	100
	-node_tm
	1.000000 0.000000 -0.000000 0.000000
	0.000000 1.000000 0.000000 0.000000
	0.000000 0.000000 1.000000 0.000000
	7603.538574 22.721617 3122.212402 1.000000

	*dmm01_6	-100	-150	-100		100	150	100
	-node_tm
	1.000000 0.000000 -0.000000 0.000000
	0.000000 1.000000 0.000000 0.000000
	0.000000 0.000000 1.000000 0.000000
	7803.538574 22.721617 3122.212402 1.000000

	*dmm01_7	-100	-150	-100		100	150	100
	-node_tm
	1.000000 0.000000 -0.000000 0.000000
	0.000000 1.000000 0.000000 0.000000
	0.000000 0.000000 1.000000 0.000000
	8003.538574 22.721617 3122.212402 1.000000

	*dmm01_9	-100	-150	-100		100	150	100
	-node_tm
	1.000000 0.000000 -0.000000 0.000000
	0.000000 1.000000 0.000000 0.000000
	0.000000 0.000000 1.000000 0.000000
	8403.539063 22.721617 3122.212402 1.000000

	*dmm01_10	-100	-150	-100		100	150	100
	-node_tm
	1.000000 0.000000 -0.000000 0.000000
	0.000000 1.000000 0.000000 0.000000
	0.000000 0.000000 1.000000 0.000000
	7603.538574 22.721617 3322.212402 1.000000

	*dmm01_11	-100	-150	-100		100	150	100
	-node_tm
	1.000000 0.000000 -0.000000 0.000000
	0.000000 1.000000 0.000000 0.000000
	0.000000 0.000000 1.000000 0.000000
	7803.538574 22.721617 3322.212402 1.000000

	*dmm01_12	-100	-150	-100		100	150	100
	-node_tm
	1.000000 0.000000 -0.000000 0.000000
	0.000000 1.000000 0.000000 0.000000
	0.000000 0.000000 1.000000 0.000000
	8003.538574 22.721617 3322.212402 1.000000

	*dmm01_13	-100	-150	-100		100	150	100
	-node_tm
	1.000000 0.000000 -0.000000 0.000000
	0.000000 1.000000 0.000000 0.000000
	0.000000 0.000000 1.000000 0.000000
	8203.539063 22.721617 3322.212402 1.000000

	*dmm01_14	-100	-150	-100		100	150	100
	-node_tm
	1.000000 0.000000 -0.000000 0.000000
	0.000000 1.000000 0.000000 0.000000
	0.000000 0.000000 1.000000 0.000000
	8403.539063 22.721617 3322.212402 1.000000

	*dmm01_15	-100	-150	-100		100	150	100
	-node_tm
	1.000000 0.000000 -0.000000 0.000000
	0.000000 1.000000 0.000000 0.000000
	0.000000 0.000000 1.000000 0.000000
	7603.538574 22.721617 3522.212402 1.000000

	*dmm01_16	-100	-150	-100		100	150	100
	-node_tm
	1.000000 0.000000 -0.000000 0.000000
	0.000000 1.000000 0.000000 0.000000
	0.000000 0.000000 1.000000 0.000000
	7803.538574 22.721617 3522.212402 1.000000

	*dmm01_17	-100	-150	-100		100	150	100
	-node_tm
	1.000000 0.000000 -0.000000 0.000000
	0.000000 1.000000 0.000000 0.000000
	0.000000 0.000000 1.000000 0.000000
	8003.538574 22.721617 3522.212402 1.000000

	*dmm01_18	-100	-150	-100		100	150	100
	-node_tm
	1.000000 0.000000 -0.000000 0.000000
	0.000000 1.000000 0.000000 0.000000
	0.000000 0.000000 1.000000 0.000000
	8203.539063 22.721617 3522.212402 1.000000

	*dmm01_19	-100	-150	-100		100	150	100
	-node_tm
	1.000000 0.000000 -0.000000 0.000000
	0.000000 1.000000 0.000000 0.000000
	0.000000 0.000000 1.000000 0.000000
	8403.539063 22.721617 3522.212402 1.000000

	*neutralcm02	-500	-150	-400		500	150	400
	-node_tm
	1.000000 0.000000 -0.000000 0.000000
	0.000000 1.000000 0.000000 0.000000
	0.000000 0.000000 1.000000 0.000000
	6867.693359 -3.058928 3249.274170 1.000000

	*dmm02_0	-100	-150	-100		100	150	100
	-node_tm
	1.000000 0.000000 -0.000000 0.000000
	0.000000 1.000000 0.000000 0.000000
	0.000000 0.000000 1.000000 0.000000
	6447.729004 -23.058928 2930.098633 1.000000

	*dmm02_1	-100	-150	-100		100	150	100
	-node_tm
	1.000000 0.000000 -0.000000 0.000000
	0.000000 1.000000 0.000000 0.000000
	0.000000 0.000000 1.000000 0.000000
	6647.729004 -23.058928 2930.098633 1.000000

	*dmm02_2	-100	-150	-100		100	150	100
	-node_tm
	1.000000 0.000000 -0.000000 0.000000
	0.000000 1.000000 0.000000 0.000000
	0.000000 0.000000 1.000000 0.000000
	6847.729004 -23.058928 2930.098633 1.000000

	*dmm02_3	-100	-150	-100		100	150	100
	-node_tm
	1.000000 0.000000 -0.000000 0.000000
	0.000000 1.000000 0.000000 0.000000
	0.000000 0.000000 1.000000 0.000000
	7047.729004 -23.058928 2930.098633 1.000000

	*dmm02_4	-100	-150	-100		100	150	100
	-node_tm
	1.000000 0.000000 -0.000000 0.000000
	0.000000 1.000000 0.000000 0.000000
	0.000000 0.000000 1.000000 0.000000
	7247.729004 -23.058928 2930.098633 1.000000

	*dmm02_5	-100	-150	-100		100	150	100
	-node_tm
	1.000000 0.000000 -0.000000 0.000000
	0.000000 1.000000 0.000000 0.000000
	0.000000 0.000000 1.000000 0.000000
	6447.729004 -23.058928 3130.098633 1.000000

	*dmm02_6	-100	-150	-100		100	150	100
	-node_tm
	1.000000 0.000000 -0.000000 0.000000
	0.000000 1.000000 0.000000 0.000000
	0.000000 0.000000 1.000000 0.000000
	6647.729004 -23.058928 3130.098633 1.000000

	*dmm02_7	-100	-150	-100		100	150	100
	-node_tm
	1.000000 0.000000 -0.000000 0.000000
	0.000000 1.000000 0.000000 0.000000
	0.000000 0.000000 1.000000 0.000000
	6847.729004 -23.058928 3130.098633 1.000000

	*dmm02_8	-100	-150	-100		100	150	100
	-node_tm
	1.000000 0.000000 -0.000000 0.000000
	0.000000 1.000000 0.000000 0.000000
	0.000000 0.000000 1.000000 0.000000
	7047.729004 -23.058928 3130.098633 1.000000

	*dmm02_9	-100	-150	-100		100	150	100
	-node_tm
	1.000000 0.000000 -0.000000 0.000000
	0.000000 1.000000 0.000000 0.000000
	0.000000 0.000000 1.000000 0.000000
	7247.729004 -23.058928 3130.098633 1.000000

	*dmm02_10	-100	-150	-100		100	150	100
	-node_tm
	1.000000 0.000000 -0.000000 0.000000
	0.000000 1.000000 0.000000 0.000000
	0.000000 0.000000 1.000000 0.000000
	6447.729004 -23.058928 3330.098633 1.000000

	*dmm02_11	-100	-150	-100		100	150	100
	-node_tm
	1.000000 0.000000 -0.000000 0.000000
	0.000000 1.000000 0.000000 0.000000
	0.000000 0.000000 1.000000 0.000000
	6647.729004 -23.058928 3330.098633 1.000000

	*dmm02_12	-100	-150	-100		100	150	100
	-node_tm
	1.000000 0.000000 -0.000000 0.000000
	0.000000 1.000000 0.000000 0.000000
	0.000000 0.000000 1.000000 0.000000
	6847.729004 -23.058928 3330.098633 1.000000

	*dmm02_13	-100	-150	-100		100	150	100
	-node_tm
	1.000000 0.000000 -0.000000 0.000000
	0.000000 1.000000 0.000000 0.000000
	0.000000 0.000000 1.000000 0.000000
	7047.729004 -23.058928 3330.098633 1.000000

	*dmm02_14	-100	-150	-100		100	150	100
	-node_tm
	1.000000 0.000000 -0.000000 0.000000
	0.000000 1.000000 0.000000 0.000000
	0.000000 0.000000 1.000000 0.000000
	7247.729004 -23.058928 3330.098633 1.000000

	*dmm02_15	-100	-150	-100		100	150	100
	-node_tm
	1.000000 0.000000 -0.000000 0.000000
	0.000000 1.000000 0.000000 0.000000
	0.000000 0.000000 1.000000 0.000000
	6447.729004 -23.058928 3530.098633 1.000000

	*dmm02_16	-100	-150	-100		100	150	100
	-node_tm
	1.000000 0.000000 -0.000000 0.000000
	0.000000 1.000000 0.000000 0.000000
	0.000000 0.000000 1.000000 0.000000
	6647.729004 -23.058928 3530.098633 1.000000

	*dmm02_17	-100	-150	-100		100	150	100
	-node_tm
	1.000000 0.000000 -0.000000 0.000000
	0.000000 1.000000 0.000000 0.000000
	0.000000 0.000000 1.000000 0.000000
	6847.729004 -23.058928 3530.098633 1.000000

	*dmm02_18	-100	-150	-100		100	150	100
	-node_tm
	1.000000 0.000000 -0.000000 0.000000
	0.000000 1.000000 0.000000 0.000000
	0.000000 0.000000 1.000000 0.000000
	7047.729004 -23.058928 3530.098633 1.000000

	*dmm02_19	-100	-150	-100		100	150	100
	-node_tm
	1.000000 0.000000 -0.000000 0.000000
	0.000000 1.000000 0.000000 0.000000
	0.000000 0.000000 1.000000 0.000000
	7247.729004 -23.058928 3530.098633 1.000000

	*neutralcm03	-500	-150	-400		500	150	400
	-node_tm
	1.000000 0.000000 -0.000000 0.000000
	0.000000 1.000000 0.000000 0.000000
	0.000000 0.000000 1.000000 0.000000
	7601.792480 19.447361 4285.150879 1.000000

	*dmm03_0	-100	-150	-100		100	150	100
	-node_tm
	1.000000 0.000000 -0.000000 0.000000
	0.000000 1.000000 0.000000 0.000000
	0.000000 0.000000 1.000000 0.000000
	7210.666016 -0.552639 3953.716797 1.000000

	*dmm03_1	-100	-150	-100		100	150	100
	-node_tm
	1.000000 0.000000 -0.000000 0.000000
	0.000000 1.000000 0.000000 0.000000
	0.000000 0.000000 1.000000 0.000000
	7410.666016 -0.552639 3953.716797 1.000000

	*dmm03_2	-100	-150	-100		100	150	100
	-node_tm
	1.000000 0.000000 -0.000000 0.000000
	0.000000 1.000000 0.000000 0.000000
	0.000000 0.000000 1.000000 0.000000
	7610.666016 -0.552639 3953.716797 1.000000

	*dmm03_3	-100	-150	-100		100	150	100
	-node_tm
	1.000000 0.000000 -0.000000 0.000000
	0.000000 1.000000 0.000000 0.000000
	0.000000 0.000000 1.000000 0.000000
	7810.666016 -0.552639 3953.716797 1.000000

	*dmm03_4	-100	-150	-100		100	150	100
	-node_tm
	1.000000 0.000000 -0.000000 0.000000
	0.000000 1.000000 0.000000 0.000000
	0.000000 0.000000 1.000000 0.000000
	8010.666016 -0.552639 3953.716797 1.000000

	*dmm03_5	-100	-150	-100		100	150	100
	-node_tm
	1.000000 0.000000 -0.000000 0.000000
	0.000000 1.000000 0.000000 0.000000
	0.000000 0.000000 1.000000 0.000000
	7210.666016 -0.552639 4153.716797 1.000000

	*dmm03_6	-100	-150	-100		100	150	100
	-node_tm
	1.000000 0.000000 -0.000000 0.000000
	0.000000 1.000000 0.000000 0.000000
	0.000000 0.000000 1.000000 0.000000
	7410.666016 -0.552639 4153.716797 1.000000

	*dmm03_7	-100	-150	-100		100	150	100
	-node_tm
	1.000000 0.000000 -0.000000 0.000000
	0.000000 1.000000 0.000000 0.000000
	0.000000 0.000000 1.000000 0.000000
	7610.666016 -0.552639 4153.716797 1.000000

	*dmm03_8	-100	-150	-100		100	150	100
	-node_tm
	1.000000 0.000000 -0.000000 0.000000
	0.000000 1.000000 0.000000 0.000000
	0.000000 0.000000 1.000000 0.000000
	7810.666016 -0.552639 4153.716797 1.000000

	*dmm03_9	-100	-150	-100		100	150	100
	-node_tm
	1.000000 0.000000 -0.000000 0.000000
	0.000000 1.000000 0.000000 0.000000
	0.000000 0.000000 1.000000 0.000000
	8010.666016 -0.552639 4153.716797 1.000000

	*dmm03_10	-100	-150	-100		100	150	100
	-node_tm
	1.000000 0.000000 -0.000000 0.000000
	0.000000 1.000000 0.000000 0.000000
	0.000000 0.000000 1.000000 0.000000
	7210.666016 -0.552639 4353.716797 1.000000

	*dmm03_11	-100	-150	-100		100	150	100
	-node_tm
	1.000000 0.000000 -0.000000 0.000000
	0.000000 1.000000 0.000000 0.000000
	0.000000 0.000000 1.000000 0.000000
	7410.666016 -0.552639 4353.716797 1.000000

	*dmm03_12	-100	-150	-100		100	150	100
	-node_tm
	1.000000 0.000000 -0.000000 0.000000
	0.000000 1.000000 0.000000 0.000000
	0.000000 0.000000 1.000000 0.000000
	7610.666016 -0.552639 4353.716797 1.000000

	*dmm03_13	-100	-150	-100		100	150	100
	-node_tm
	1.000000 0.000000 -0.000000 0.000000
	0.000000 1.000000 0.000000 0.000000
	0.000000 0.000000 1.000000 0.000000
	7810.666016 -0.552639 4353.716797 1.000000

	*dmm03_14	-100	-150	-100		100	150	100
	-node_tm
	1.000000 0.000000 -0.000000 0.000000
	0.000000 1.000000 0.000000 0.000000
	0.000000 0.000000 1.000000 0.000000
	8010.666016 -0.552639 4353.716797 1.000000

	*dmm03_15	-100	-150	-100		100	150	100
	-node_tm
	1.000000 0.000000 -0.000000 0.000000
	0.000000 1.000000 0.000000 0.000000
	0.000000 0.000000 1.000000 0.000000
	7210.666016 -0.552639 4553.716797 1.000000

	*dmm03_16	-100	-150	-100		100	150	100
	-node_tm
	1.000000 0.000000 -0.000000 0.000000
	0.000000 1.000000 0.000000 0.000000
	0.000000 0.000000 1.000000 0.000000
	7410.666016 -0.552639 4553.716797 1.000000

	*dmm03_17	-100	-150	-100		100	150	100
	-node_tm
	1.000000 0.000000 -0.000000 0.000000
	0.000000 1.000000 0.000000 0.000000
	0.000000 0.000000 1.000000 0.000000
	7610.666016 -0.552639 4553.716797 1.000000

	*dmm03_18	-100	-150	-100		100	150	100
	-node_tm
	1.000000 0.000000 -0.000000 0.000000
	0.000000 1.000000 0.000000 0.000000
	0.000000 0.000000 1.000000 0.000000
	7810.666016 -0.552639 4553.716797 1.000000

	*dmm03_19	-100	-150	-100		100	150	100
	-node_tm
	1.000000 0.000000 -0.000000 0.000000
	0.000000 1.000000 0.000000 0.000000
	0.000000 0.000000 1.000000 0.000000
	8010.666016 -0.552639 4553.716797 1.000000

	*neutralcm04	-500	-150	-400		500	150	400
	-node_tm
	1.000000 0.000000 -0.000000 0.000000
	0.000000 1.000000 0.000000 0.000000
	0.000000 0.000000 1.000000 0.000000
	6422.609375 40.400063 6345.374023 1.000000

	*dmm04_0	-100	-150	-100		100	150	100
	-node_tm
	1.000000 0.000000 -0.000000 0.000000
	0.000000 1.000000 0.000000 0.000000
	0.000000 0.000000 1.000000 0.000000
	6022.120605 20.400061 6057.155762 1.000000

	*dmm04_1	-100	-150	-100		100	150	100
	-node_tm
	1.000000 0.000000 -0.000000 0.000000
	0.000000 1.000000 0.000000 0.000000
	0.000000 0.000000 1.000000 0.000000
	6222.120605 20.400061 6057.155762 1.000000

	*dmm04_2	-100	-150	-100		100	150	100
	-node_tm
	1.000000 0.000000 -0.000000 0.000000
	0.000000 1.000000 0.000000 0.000000
	0.000000 0.000000 1.000000 0.000000
	6422.120605 20.400061 6057.155762 1.000000

	*dmm04_3	-100	-150	-100		100	150	100
	-node_tm
	1.000000 0.000000 -0.000000 0.000000
	0.000000 1.000000 0.000000 0.000000
	0.000000 0.000000 1.000000 0.000000
	6622.120605 20.400061 6057.155762 1.000000

	*dmm04_4	-100	-150	-100		100	150	100
	-node_tm
	1.000000 0.000000 -0.000000 0.000000
	0.000000 1.000000 0.000000 0.000000
	0.000000 0.000000 1.000000 0.000000
	6822.120605 20.400061 6057.155762 1.000000

	*dmm04_5	-100	-150	-100		100	150	100
	-node_tm
	1.000000 0.000000 -0.000000 0.000000
	0.000000 1.000000 0.000000 0.000000
	0.000000 0.000000 1.000000 0.000000
	6022.120605 20.400061 6257.155762 1.000000

	*dmm04_6	-100	-150	-100		100	150	100
	-node_tm
	1.000000 0.000000 -0.000000 0.000000
	0.000000 1.000000 0.000000 0.000000
	0.000000 0.000000 1.000000 0.000000
	6222.120605 20.400061 6257.155762 1.000000

	*dmm04_7	-100	-150	-100		100	150	100
	-node_tm
	1.000000 0.000000 -0.000000 0.000000
	0.000000 1.000000 0.000000 0.000000
	0.000000 0.000000 1.000000 0.000000
	6422.120605 20.400061 6257.155762 1.000000

	*dmm04_8	-100	-150	-100		100	150	100
	-node_tm
	1.000000 0.000000 -0.000000 0.000000
	0.000000 1.000000 0.000000 0.000000
	0.000000 0.000000 1.000000 0.000000
	6622.120605 20.400061 6257.155762 1.000000

	*dmm04_9	-100	-150	-100		100	150	100
	-node_tm
	1.000000 0.000000 -0.000000 0.000000
	0.000000 1.000000 0.000000 0.000000
	0.000000 0.000000 1.000000 0.000000
	6822.120605 20.400061 6257.155762 1.000000

	*dmm04_10	-100	-150	-100		100	150	100
	-node_tm
	1.000000 0.000000 -0.000000 0.000000
	0.000000 1.000000 0.000000 0.000000
	0.000000 0.000000 1.000000 0.000000
	6022.120605 20.400061 6457.155762 1.000000

	*dmm04_11	-100	-150	-100		100	150	100
	-node_tm
	1.000000 0.000000 -0.000000 0.000000
	0.000000 1.000000 0.000000 0.000000
	0.000000 0.000000 1.000000 0.000000
	6222.120605 20.400061 6457.155762 1.000000

	*dmm04_12	-100	-150	-100		100	150	100
	-node_tm
	1.000000 0.000000 -0.000000 0.000000
	0.000000 1.000000 0.000000 0.000000
	0.000000 0.000000 1.000000 0.000000
	6422.120605 20.400061 6457.155762 1.000000

	*dmm04_13	-100	-150	-100		100	150	100
	-node_tm
	1.000000 0.000000 -0.000000 0.000000
	0.000000 1.000000 0.000000 0.000000
	0.000000 0.000000 1.000000 0.000000
	6622.120605 20.400061 6457.155762 1.000000

	*dmm04_14	-100	-150	-100		100	150	100
	-node_tm
	1.000000 0.000000 -0.000000 0.000000
	0.000000 1.000000 0.000000 0.000000
	0.000000 0.000000 1.000000 0.000000
	6822.120605 20.400061 6457.155762 1.000000

	*dmm04_15	-100	-150	-100		100	150	100
	-node_tm
	1.000000 0.000000 -0.000000 0.000000
	0.000000 1.000000 0.000000 0.000000
	0.000000 0.000000 1.000000 0.000000
	6022.120605 20.400061 6657.155762 1.000000

	*dmm04_16	-100	-150	-100		100	150	100
	-node_tm
	1.000000 0.000000 -0.000000 0.000000
	0.000000 1.000000 0.000000 0.000000
	0.000000 0.000000 1.000000 0.000000
	6222.120605 20.400061 6657.155762 1.000000

	*dmm04_17	-100	-150	-100		100	150	100
	-node_tm
	1.000000 0.000000 -0.000000 0.000000
	0.000000 1.000000 0.000000 0.000000
	0.000000 0.000000 1.000000 0.000000
	6422.120605 20.400061 6657.155762 1.000000

	*dmm04_18	-100	-150	-100		100	150	100
	-node_tm
	1.000000 0.000000 -0.000000 0.000000
	0.000000 1.000000 0.000000 0.000000
	0.000000 0.000000 1.000000 0.000000
	6622.120605 20.400061 6657.155762 1.000000

	*dmm04_19	-100	-150	-100		100	150	100
	-node_tm
	1.000000 0.000000 -0.000000 0.000000
	0.000000 1.000000 0.000000 0.000000
	0.000000 0.000000 1.000000 0.000000
	6822.120605 20.400061 6657.155762 1.000000

	*neutralcm05	-500	-150	-400		500	150	400
	-node_tm
	1.000000 0.000000 -0.000000 0.000000
	0.000000 1.000000 0.000000 0.000000
	0.000000 0.000000 1.000000 0.000000
	5775.598633 19.412088 5273.041016 1.000000

	*dmm05_0	-100	-150	-100		100	150	100
	-node_tm
	1.000000 0.000000 -0.000000 0.000000
	0.000000 1.000000 0.000000 0.000000
	0.000000 0.000000 1.000000 0.000000
	5378.583496 -0.587912 4986.642090 1.000000

	*dmm05_1	-100	-150	-100		100	150	100
	-node_tm
	1.000000 0.000000 -0.000000 0.000000
	0.000000 1.000000 0.000000 0.000000
	0.000000 0.000000 1.000000 0.000000
	5578.583496 -0.587912 4986.642090 1.000000

	*dmm05_2	-100	-150	-100		100	150	100
	-node_tm
	1.000000 0.000000 -0.000000 0.000000
	0.000000 1.000000 0.000000 0.000000
	0.000000 0.000000 1.000000 0.000000
	5778.583496 -0.587912 4986.642090 1.000000

	*dmm05_3	-100	-150	-100		100	150	100
	-node_tm
	1.000000 0.000000 -0.000000 0.000000
	0.000000 1.000000 0.000000 0.000000
	0.000000 0.000000 1.000000 0.000000
	5978.583496 -0.587912 4986.642090 1.000000

	*dmm05_4	-100	-150	-100		100	150	100
	-node_tm
	1.000000 0.000000 -0.000000 0.000000
	0.000000 1.000000 0.000000 0.000000
	0.000000 0.000000 1.000000 0.000000
	6178.583496 -0.587912 4986.642090 1.000000

	*dmm05_5	-100	-150	-100		100	150	100
	-node_tm
	1.000000 0.000000 -0.000000 0.000000
	0.000000 1.000000 0.000000 0.000000
	0.000000 0.000000 1.000000 0.000000
	5378.583496 -0.587912 5186.642090 1.000000

	*dmm05_6	-100	-150	-100		100	150	100
	-node_tm
	1.000000 0.000000 -0.000000 0.000000
	0.000000 1.000000 0.000000 0.000000
	0.000000 0.000000 1.000000 0.000000
	5578.583496 -0.587912 5186.642090 1.000000

	*dmm05_7	-100	-150	-100		100	150	100
	-node_tm
	1.000000 0.000000 -0.000000 0.000000
	0.000000 1.000000 0.000000 0.000000
	0.000000 0.000000 1.000000 0.000000
	5778.583496 -0.587912 5186.642090 1.000000

	*dmm05_8	-100	-150	-100		100	150	100
	-node_tm
	1.000000 0.000000 -0.000000 0.000000
	0.000000 1.000000 0.000000 0.000000
	0.000000 0.000000 1.000000 0.000000
	5978.583496 -0.587912 5186.642090 1.000000

	*dmm05_9	-100	-150	-100		100	150	100
	-node_tm
	1.000000 0.000000 -0.000000 0.000000
	0.000000 1.000000 0.000000 0.000000
	0.000000 0.000000 1.000000 0.000000
	6178.583496 -0.587912 5186.642090 1.000000

	*dmm05_10	-100	-150	-100		100	150	100
	-node_tm
	1.000000 0.000000 -0.000000 0.000000
	0.000000 1.000000 0.000000 0.000000
	0.000000 0.000000 1.000000 0.000000
	5378.583496 -0.587912 5386.642090 1.000000

	*dmm05_11	-100	-150	-100		100	150	100
	-node_tm
	1.000000 0.000000 -0.000000 0.000000
	0.000000 1.000000 0.000000 0.000000
	0.000000 0.000000 1.000000 0.000000
	5578.583496 -0.587912 5386.642090 1.000000

	*dmm05_12	-100	-150	-100		100	150	100
	-node_tm
	1.000000 0.000000 -0.000000 0.000000
	0.000000 1.000000 0.000000 0.000000
	0.000000 0.000000 1.000000 0.000000
	5778.583496 -0.587912 5386.642090 1.000000

	*dmm05_13	-100	-150	-100		100	150	100
	-node_tm
	1.000000 0.000000 -0.000000 0.000000
	0.000000 1.000000 0.000000 0.000000
	0.000000 0.000000 1.000000 0.000000
	5978.583496 -0.587912 5386.642090 1.000000

	*dmm05_14	-100	-150	-100		100	150	100
	-node_tm
	1.000000 0.000000 -0.000000 0.000000
	0.000000 1.000000 0.000000 0.000000
	0.000000 0.000000 1.000000 0.000000
	6178.583496 -0.587912 5386.642090 1.000000

	*dmm05_15	-100	-150	-100		100	150	100
	-node_tm
	1.000000 0.000000 -0.000000 0.000000
	0.000000 1.000000 0.000000 0.000000
	0.000000 0.000000 1.000000 0.000000
	5378.583496 -0.587912 5586.642090 1.000000

	*dmm05_16	-100	-150	-100		100	150	100
	-node_tm
	1.000000 0.000000 -0.000000 0.000000
	0.000000 1.000000 0.000000 0.000000
	0.000000 0.000000 1.000000 0.000000
	5578.583496 -0.587912 5586.642090 1.000000

	*dmm05_17	-100	-150	-100		100	150	100
	-node_tm
	1.000000 0.000000 -0.000000 0.000000
	0.000000 1.000000 0.000000 0.000000
	0.000000 0.000000 1.000000 0.000000
	5778.583496 -0.587912 5586.642090 1.000000

	*dmm05_18	-100	-150	-100		100	150	100
	-node_tm
	1.000000 0.000000 -0.000000 0.000000
	0.000000 1.000000 0.000000 0.000000
	0.000000 0.000000 1.000000 0.000000
	5978.583496 -0.587912 5586.642090 1.000000

	*dmm05_19	-100	-150	-100		100	150	100
	-node_tm
	1.000000 0.000000 -0.000000 0.000000
	0.000000 1.000000 0.000000 0.000000
	0.000000 0.000000 1.000000 0.000000
	6178.583496 -0.587912 5586.642090 1.000000

	*neutralcm06	-300	-150	-400		300	150	400
	-node_tm
	0.960828 0.000000 -0.277145 0.000000
	0.000000 1.000000 0.000000 0.000000
	0.277145 0.000000 0.960828 0.000000
	3175.059326 66.607819 3308.335938 1.000000

	*dmm06_0	-100	-150	-100		100	150	100
	-node_tm
	0.960828 0.000000 -0.277145 0.000000
	0.000000 1.000000 0.000000 0.000000
	0.277145 0.000000 0.960828 0.000000
	2880.030029 46.607819 3056.266357 1.000000

	*dmm06_1	-100	-150	-100		100	150	100
	-node_tm
	0.960828 0.000000 -0.277145 0.000000
	0.000000 1.000000 0.000000 0.000000
	0.277145 0.000000 0.960828 0.000000
	3072.195557 46.607819 3000.836914 1.000000

	*dmm06_2	-100	-150	-100		100	150	100
	-node_tm
	0.960828 0.000000 -0.277145 0.000000
	0.000000 1.000000 0.000000 0.000000
	0.277145 0.000000 0.960828 0.000000
	3264.361084 46.607819 2945.407471 1.000000

	*dmm06_3	-100	-150	-100		100	150	100
	-node_tm
	0.960828 0.000000 -0.277145 0.000000
	0.000000 1.000000 0.000000 0.000000
	0.277145 0.000000 0.960828 0.000000
	2751.883789 50.007820 3412.234863 1.000000

	*dmm06_4	-100	-150	-100		100	150	100
	-node_tm
	0.960828 0.000000 -0.277145 0.000000
	0.000000 1.000000 0.000000 0.000000
	0.277145 0.000000 0.960828 0.000000
	3127.625000 46.607819 3193.002441 1.000000

	*dmm06_5	-100	-150	-100		100	150	100
	-node_tm
	0.960828 0.000000 -0.277145 0.000000
	0.000000 1.000000 0.000000 0.000000
	0.277145 0.000000 0.960828 0.000000
	3319.790527 46.607819 3137.572998 1.000000

	*dmm06_6	-100	-150	-100		100	150	100
	-node_tm
	0.960828 0.000000 -0.277145 0.000000
	0.000000 1.000000 0.000000 0.000000
	0.277145 0.000000 0.960828 0.000000
	2990.888672 46.607819 3440.597412 1.000000

	*dmm06_7	-100	-150	-100		100	150	100
	-node_tm
	0.960828 0.000000 -0.277145 0.000000
	0.000000 1.000000 0.000000 0.000000
	0.277145 0.000000 0.960828 0.000000
	3183.054199 46.607819 3385.167969 1.000000

	*dmm06_8	-100	-150	-100		100	150	100
	-node_tm
	0.960828 0.000000 -0.277145 0.000000
	0.000000 1.000000 0.000000 0.000000
	0.277145 0.000000 0.960828 0.000000
	3375.219727 46.607819 3329.738525 1.000000

	*dmm06_9	-100	-150	-100		100	150	100
	-node_tm
	0.960828 0.000000 -0.277145 0.000000
	0.000000 1.000000 0.000000 0.000000
	0.277145 0.000000 0.960828 0.000000
	3046.318115 46.607819 3632.762939 1.000000

	*dmm06_10	-100	-150	-100		100	150	100
	-node_tm
	0.960828 0.000000 -0.277145 0.000000
	0.000000 1.000000 0.000000 0.000000
	0.277145 0.000000 0.960828 0.000000
	3238.483643 46.607819 3577.333496 1.000000

	*dmm06_11	-100	-150	-100		100	150	100
	-node_tm
	0.960828 0.000000 -0.277145 0.000000
	0.000000 1.000000 0.000000 0.000000
	0.277145 0.000000 0.960828 0.000000
	3430.649170 46.607819 3521.904053 1.000000

	*neutralcm07	-500	-150	-400		500	150	400
	-node_tm
	1.000000 0.000000 -0.000000 0.000000
	0.000000 1.000000 0.000000 0.000000
	0.000000 0.000000 1.000000 0.000000
	4102.875977 61.015106 5204.597168 1.000000

	*dmm07_0	-100	-150	-100		100	150	100
	-node_tm
	1.000000 0.000000 -0.000000 0.000000
	0.000000 1.000000 0.000000 0.000000
	0.000000 0.000000 1.000000 0.000000
	3705.138184 41.015106 4920.853516 1.000000

	*dmm07_1	-100	-150	-100		100	150	100
	-node_tm
	1.000000 0.000000 -0.000000 0.000000
	0.000000 1.000000 0.000000 0.000000
	0.000000 0.000000 1.000000 0.000000
	3905.138184 41.015106 4920.853516 1.000000

	*dmm07_2	-100	-150	-100		100	150	100
	-node_tm
	1.000000 0.000000 -0.000000 0.000000
	0.000000 1.000000 0.000000 0.000000
	0.000000 0.000000 1.000000 0.000000
	4105.138184 41.015106 4920.853516 1.000000

	*dmm07_3	-100	-150	-100		100	150	100
	-node_tm
	1.000000 0.000000 -0.000000 0.000000
	0.000000 1.000000 0.000000 0.000000
	0.000000 0.000000 1.000000 0.000000
	4305.138184 41.015106 4920.853516 1.000000

	*dmm07_4	-100	-150	-100		100	150	100
	-node_tm
	1.000000 0.000000 -0.000000 0.000000
	0.000000 1.000000 0.000000 0.000000
	0.000000 0.000000 1.000000 0.000000
	4505.138184 41.015106 4920.853516 1.000000

	*dmm07_5	-100	-150	-100		100	150	100
	-node_tm
	1.000000 0.000000 -0.000000 0.000000
	0.000000 1.000000 0.000000 0.000000
	0.000000 0.000000 1.000000 0.000000
	3705.138184 41.015106 5120.853516 1.000000

	*dmm07_6	-100	-150	-100		100	150	100
	-node_tm
	1.000000 0.000000 -0.000000 0.000000
	0.000000 1.000000 0.000000 0.000000
	0.000000 0.000000 1.000000 0.000000
	3905.138184 41.015106 5120.853516 1.000000

	*dmm07_7	-100	-150	-100		100	150	100
	-node_tm
	1.000000 0.000000 -0.000000 0.000000
	0.000000 1.000000 0.000000 0.000000
	0.000000 0.000000 1.000000 0.000000
	4105.138184 41.015106 5120.853516 1.000000

	*dmm07_8	-100	-150	-100		100	150	100
	-node_tm
	1.000000 0.000000 -0.000000 0.000000
	0.000000 1.000000 0.000000 0.000000
	0.000000 0.000000 1.000000 0.000000
	4305.138184 41.015106 5120.853516 1.000000

	*dmm07_9	-100	-150	-100		100	150	100
	-node_tm
	1.000000 0.000000 -0.000000 0.000000
	0.000000 1.000000 0.000000 0.000000
	0.000000 0.000000 1.000000 0.000000
	4505.138184 41.015106 5120.853516 1.000000

	*dmm07_10	-100	-150	-100		100	150	100
	-node_tm
	1.000000 0.000000 -0.000000 0.000000
	0.000000 1.000000 0.000000 0.000000
	0.000000 0.000000 1.000000 0.000000
	3705.138184 41.015106 5320.853516 1.000000

	*dmm07_11	-100	-150	-100		100	150	100
	-node_tm
	1.000000 0.000000 -0.000000 0.000000
	0.000000 1.000000 0.000000 0.000000
	0.000000 0.000000 1.000000 0.000000
	3905.138184 41.015106 5320.853516 1.000000

	*dmm07_12	-100	-150	-100		100	150	100
	-node_tm
	1.000000 0.000000 -0.000000 0.000000
	0.000000 1.000000 0.000000 0.000000
	0.000000 0.000000 1.000000 0.000000
	4105.138184 41.015106 5320.853516 1.000000

	*dmm07_13	-100	-150	-100		100	150	100
	-node_tm
	1.000000 0.000000 -0.000000 0.000000
	0.000000 1.000000 0.000000 0.000000
	0.000000 0.000000 1.000000 0.000000
	4305.138184 41.015106 5320.853516 1.000000

	*dmm07_14	-100	-150	-100		100	150	100
	-node_tm
	1.000000 0.000000 -0.000000 0.000000
	0.000000 1.000000 0.000000 0.000000
	0.000000 0.000000 1.000000 0.000000
	4505.138184 41.015106 5320.853516 1.000000

	*dmm07_15	-100	-150	-100		100	150	100
	-node_tm
	1.000000 0.000000 -0.000000 0.000000
	0.000000 1.000000 0.000000 0.000000
	0.000000 0.000000 1.000000 0.000000
	3705.138184 41.015106 5520.853516 1.000000

	*dmm07_16	-100	-150	-100		100	150	100
	-node_tm
	1.000000 0.000000 -0.000000 0.000000
	0.000000 1.000000 0.000000 0.000000
	0.000000 0.000000 1.000000 0.000000
	3905.138184 41.015106 5520.853516 1.000000

	*dmm07_17	-100	-150	-100		100	150	100
	-node_tm
	1.000000 0.000000 -0.000000 0.000000
	0.000000 1.000000 0.000000 0.000000
	0.000000 0.000000 1.000000 0.000000
	4105.138184 41.015106 5520.853516 1.000000

	*dmm07_18	-100	-150	-100		100	150	100
	-node_tm
	1.000000 0.000000 -0.000000 0.000000
	0.000000 1.000000 0.000000 0.000000
	0.000000 0.000000 1.000000 0.000000
	4305.138184 41.015106 5520.853516 1.000000

	*dmm07_19	-100	-150	-100		100	150	100
	-node_tm
	1.000000 0.000000 -0.000000 0.000000
	0.000000 1.000000 0.000000 0.000000
	0.000000 0.000000 1.000000 0.000000
	4505.138184 41.015106 5520.853516 1.000000

	*neutralcm08	-500	-150	-400		500	150	400
	-node_tm
	1.000000 0.000000 -0.000000 0.000000
	0.000000 1.000000 0.000000 0.000000
