script_begin


[HelperObjectBegin]
	*dpgoto_transport01	-44	-46	-73		44	46	73
	-node_tm
	0.764584 0.000000 -0.644524 0.000000
	0.000000 1.000000 0.000000 0.000000
	0.644524 0.000000 0.764584 0.000000
	-3535.825928 753.727356 7381.943848 1.000000

	*dpfrom_transport01	-44	-46	-73		44	46	73
	-node_tm
	0.764584 0.000000 -0.644524 0.000000
	0.000000 1.000000 0.000000 0.000000
	0.644524 0.000000 0.764584 0.000000
	-3535.825928 753.727356 7381.943848 1.000000

	*dpgoto_neutralbs1	-309	-184	-275		309	184	275
	-node_tm
	1.000000 0.000000 -0.000000 0.000000
	0.000000 1.000000 0.000000 0.000000
	0.000000 0.000000 1.000000 0.000000
	9460.204102 1688.174805 -2927.764404 1.000000

	*dpfrom_neutralbs1	-200	-184	-134		200	184	134
	-node_tm
	1.000000 0.000000 -0.000000 0.000000
	0.000000 1.000000 0.000000 0.000000
	0.000000 0.000000 1.000000 0.000000
	9213.567383 1662.035889 -3343.699463 1.000000

	*dpfrom_bellato_camp	-95	-25	-94		95	25	94
	-node_tm
	0.801984 0.000000 -0.597345 0.000000
	0.000000 1.000000 0.000000 0.000000
	0.597345 0.000000 0.801984 0.000000
	-6819.205078 644.470520 6359.638184 1.000000

	*dpfrom_resources	-95	-25	-94		95	25	94
	-node_tm
	0.801984 0.000000 -0.597345 0.000000
	0.000000 1.000000 0.000000 0.000000
	0.597345 0.000000 0.801984 0.000000
	-6819.205078 644.470520 6359.638184 1.000000

	*dpgoto_bellato_camp	-96	-25	-91		96	25	91
	-node_tm
	0.825803 0.000000 -0.563959 0.000000
	0.000000 1.000000 0.000000 0.000000
	0.563959 0.000000 0.825803 0.000000
	-5825.740723 576.810547 5668.477051 1.000000

	*dpgoto_resources	-96	-25	-91		96	25	91
	-node_tm
	0.825803 0.000000 -0.563959 0.000000
	0.000000 1.000000 0.000000 0.000000
	0.563959 0.000000 0.825803 0.000000
	-5825.740723 576.810547 5668.477051 1.000000

	*dpgoto_neutralbs1_town	-96	-25	-91		96	25	91
	-node_tm
	0.825803 0.000000 -0.563959 0.000000
	0.000000 1.000000 0.000000 0.000000
	0.563959 0.000000 0.825803 0.000000
	-5825.740723 576.810547 5668.477051 1.000000

	*dpgoto_neutralbs2_town	-96	-25	-91		96	25	91
	-node_tm
	0.825803 0.000000 -0.563959 0.000000
	0.000000 1.000000 0.000000 0.000000
	0.563959 0.000000 0.825803 0.000000
	-5825.740723 576.810547 5668.477051 1.000000

	*dpfrom_bellato_hq	-148	-25	-34		148	25	34
	-node_tm
	0.007680 0.000000 -0.999970 0.000000
	0.000000 1.000000 0.000000 0.000000
	0.999970 0.000000 0.007680 0.000000
	4806.019531 1775.718384 1462.297119 1.000000

	*dpgoto_bellato_hq	-94	-103	-83		94	103	83
	-node_tm
	0.999956 0.000000 -0.009379 0.000000
	0.000000 1.000000 0.000000 0.000000
	0.009379 0.000000 0.999956 0.000000
	4615.838867 1797.717163 1457.732178 1.000000

	*dpfrom_sette	-95	-25	-94		95	25	94
	-node_tm
	0.801984 0.000000 -0.597345 0.000000
	0.000000 1.000000 0.000000 0.000000
	0.597345 0.000000 0.801984 0.000000
	-6816.881348 637.192322 6354.598145 1.000000

	*dpfrom_elan_bellato	-95	-25	-94		95	25	94
	-node_tm
	0.801984 0.000000 -0.597345 0.000000
	0.000000 1.000000 0.000000 0.000000
	0.597345 0.000000 0.801984 0.000000
	-6816.881348 637.192322 6354.598145 1.000000

	*dpgoto_sette	-96	-25	-91		96	25	91
	-node_tm
	0.825803 0.000000 -0.563959 0.000000
	0.000000 1.000000 0.000000 0.000000
	0.563959 0.000000 0.825803 0.000000
	-5825.740723 576.810547 5668.477051 1.000000
	
	*dpfrom_dungeon06b	-80	-25	-80		80	25	80
	-node_tm
	0.801984 0.000000 -0.597345 0.000000
	0.000000 1.000000 0.000000 0.000000
	0.597345 0.000000 0.801984 0.000000
	-6818.199707 658.827637 6354.305176 1.000000

	*dpfrom_dungeon06b60	-80	-25	-80		80	25	80
	-node_tm
	0.801984 0.000000 -0.597345 0.000000
	0.000000 1.000000 0.000000 0.000000
	0.597345 0.000000 0.801984 0.000000
	-6817.989258 651.330811 6354.384766 1.000000

	*dpgoto_dungeon06b	-80	-25	-80		80	25	80
	-node_tm
	0.801984 0.000000 -0.597345 0.000000
	0.000000 1.000000 0.000000 0.000000
	0.597345 0.000000 0.801984 0.000000
	-6818.419922 637.192322 6353.663574 1.000000

	*dpgoto_dungeon06b60	-80	-25	-80		80	25	80
	-node_tm
	0.801984 0.000000 -0.597345 0.000000
	0.000000 1.000000 0.000000 0.000000
	0.597345 0.000000 0.801984 0.000000
	-6818.168945 637.192444 6354.011230 1.000000

	*dpgoto_dungeon06b65	-80	-25	-80		80	25	80
	-node_tm
	0.801984 0.000000 -0.597345 0.000000
	0.000000 1.000000 0.000000 0.000000
	0.597345 0.000000 0.801984 0.000000
	-6818.284180 638.743652 6354.833496 1.000000

	*dpfrom_dungeon06b65	-80	-25	-80		80	25	80
	-node_tm
	0.801984 0.000000 -0.597345 0.000000
	0.000000 1.000000 0.000000 0.000000
	0.597345 0.000000 0.801984 0.000000
	-6818.586914 638.545410 6354.573730 1.000000

	*sd03000	-25	-25	-25		25	25	25
	-node_tm
	0.985019 0.000000 -0.172446 0.000000
	0.000000 1.000000 0.000000 0.000000
	0.172446 0.000000 0.985019 0.000000
	-4990.091797 575.539246 6546.778809 1.000000

	*sd03010	-25	-25	-25		25	25	25
	-node_tm
	0.985019 0.000000 -0.172446 0.000000
	0.000000 1.000000 0.000000 0.000000
	0.172446 0.000000 0.985019 0.000000
	-5191.352051 574.912048 6067.565430 1.000000

	*sd03020	-25	-25	-25		25	25	25
	-node_tm
	0.985019 0.000000 -0.172446 0.000000
	0.000000 1.000000 0.000000 0.000000
	0.172446 0.000000 0.985019 0.000000
	-4970.739258 575.529724 6404.221680 1.000000

	*sd03100	-25	-25	-25		25	25	25
	-node_tm
	0.985019 0.000000 -0.172446 0.000000
	0.000000 1.000000 0.000000 0.000000
	0.172446 0.000000 0.985019 0.000000
	-5323.881348 575.617065 6039.565918 1.000000

	*sd03050	-25	-25	-25		25	25	25
	-node_tm
	0.998971 0.000000 -0.045354 0.000000
	0.000000 1.000000 0.000000 0.000000
	0.045354 0.000000 0.998971 0.000000
	-7571.478027 644.234558 6199.599609 1.000000

	*sd03060	-15	-15	-15		15	15	15
	-node_tm
	0.977929 0.000000 -0.208937 0.000000
	0.000000 1.000000 0.000000 0.000000
	0.208937 0.000000 0.977929 0.000000
	-5956.062988 588.152039 4951.571289 1.000000

	*sd030a0	-25	-25	-25		25	25	25
	-node_tm
	0.801984 0.000000 -0.597345 0.000000
	0.000000 1.000000 0.000000 0.000000
	0.597345 0.000000 0.801984 0.000000
	-6772.971680 663.692261 5680.974609 1.000000

	*sd03002	-25	-25	-25		25	25	25
	-node_tm
	1.000000 0.000000 -0.000000 0.000000
	0.000000 1.000000 0.000000 0.000000
	0.000000 0.000000 1.000000 0.000000
	4940.231934 1781.817383 982.663818 1.000000

	*sd03022	-25	-25	-25		25	25	25
	-node_tm
	0.723690 0.000000 -0.690125 0.000000
	0.000000 1.000000 0.000000 0.000000
	0.690125 0.000000 0.723690 0.000000
	4531.005371 1781.829102 912.526794 1.000000

	*sd03012	-25	-25	-25		25	25	25
	-node_tm
	0.007680 0.000000 -0.999970 0.000000
	0.000000 1.000000 0.000000 0.000000
	0.999970 0.000000 0.007680 0.000000
	5260.495605 1781.820435 1320.737427 1.000000

	*sd03040	-25	-25	-25		25	25	25
	-node_tm
	0.845169 0.000000 -0.534499 0.000000
	0.000000 1.000000 0.000000 0.000000
	0.534499 0.000000 0.845169 0.000000
	-6812.598145 575.987793 4971.396484 1.000000

	*sd03110	-6	-14	-6		6	14	6
	-node_tm
	1.000000 0.000000 -0.000000 0.000000
	0.000000 1.000000 0.000000 0.000000
	0.000000 0.000000 1.000000 0.000000
	-5312.375488 550.995728 5009.936523 1.000000

	*sd03111	-6	-14	-6		6	14	6
	-node_tm
	1.000000 0.000000 -0.000000 0.000000
	0.000000 1.000000 0.000000 0.000000
	0.000000 0.000000 1.000000 0.000000
	-5041.909180 550.996216 5388.839355 1.000000

	*sd03112	-6	-14	-6		6	14	6
	-node_tm
	1.000000 0.000000 -0.000000 0.000000
	0.000000 1.000000 0.000000 0.000000
	0.000000 0.000000 1.000000 0.000000
	5293.724609 1780.703125 687.865723 1.000000

	*sd03113	-6	-14	-6		6	14	6
	-node_tm
	1.000000 0.000000 -0.000000 0.000000
	0.000000 1.000000 0.000000 0.000000
	0.000000 0.000000 1.000000 0.000000
	5486.285156 1780.702637 869.560974 1.000000

	*sd030f0	-6	-14	-6		6	14	6
	-node_tm
	1.000000 0.000000 -0.000000 0.000000
	0.000000 1.000000 0.000000 0.000000
	0.000000 0.000000 1.000000 0.000000
	-7693.382324 748.523438 6954.344727 1.000000

	*bd03000	-33	-25	-87		33	25	87
	-node_tm
	0.986372 0.000000 -0.164531 0.000000
	0.000000 1.000000 0.000000 0.000000
	0.164531 0.000000 0.986372 0.000000
	-5072.341797 574.848633 6538.908691 1.000000

	*bd03010	-99	-25	-29		99	25	29
	-node_tm
	0.990581 0.000000 -0.136928 0.000000
	0.000000 1.000000 0.000000 0.000000
	0.136928 0.000000 0.990581 0.000000
	-5210.133789 574.848145 6140.414551 1.000000

	*bd03020	-33	-25	-104		33	25	104
	-node_tm
	0.972573 0.000000 -0.232598 0.000000
	0.000000 1.000000 0.000000 0.000000
	0.232598 0.000000 0.972573 0.000000
	-5042.860840 574.848145 6397.205566 1.000000

	*bd03100	-104	-25	-32		104	25	32
	-node_tm
	0.957973 0.000000 -0.286858 0.000000
	0.000000 1.000000 0.000000 0.000000
	0.286858 0.000000 0.957973 0.000000
	-5338.609863 574.848633 6113.959473 1.000000

	*bd03011	-34	-25	-93		34	25	93
	-node_tm
	0.978939 0.000000 -0.204153 0.000000
	0.000000 1.000000 0.000000 0.000000
	0.204153 0.000000 0.978939 0.000000
	-6052.763184 574.846680 5058.928711 1.000000

	*bd03001	-34	-25	-115		34	25	115
	-node_tm
	-0.008203 0.000000 -0.999966 0.000000
	0.000000 1.000000 0.000000 0.000000
	0.999966 0.000000 -0.008203 0.000000
	-6227.900391 574.847229 4671.101074 1.000000

	*bd03040	-118	-25	-36		118	25	36
	-node_tm
	0.845169 0.000000 -0.534499 0.000000
	0.000000 1.000000 0.000000 0.000000
	0.534499 0.000000 0.845169 0.000000
	-6739.852539 574.847656 5080.989258 1.000000

	*bd03021	-31	-25	-104		31	25	104
	-node_tm
	0.339395 0.000000 -0.940644 0.000000
	0.000000 1.000000 0.000000 0.000000
	0.940644 0.000000 0.339395 0.000000
	-6390.067871 574.847168 4648.201660 1.000000

	*bd030f0	-20	-14	-60		20	14	60
	-node_tm
	0.831373 0.000000 -0.555715 0.000000
	0.000000 1.000000 0.000000 0.000000
	0.555715 0.000000 0.831373 0.000000
	-7663.293457 748.523438 6937.452637 1.000000

	*bd030a0	-91	-25	-45		91	25	45
	-node_tm
	-0.578996 0.000000 -0.815330 0.000000
	0.000000 1.000000 0.000000 0.000000
	0.815330 0.000000 -0.578996 0.000000
	-6850.448242 655.092102 5735.561523 1.000000

	*bd03050	-91	-25	-45		91	25	45
	-node_tm
	-0.568561 0.000000 -0.822641 0.000000
	0.000000 1.000000 0.000000 0.000000
	0.822641 0.000000 -0.568561 0.000000
	-7493.435059 630.495728 6141.602539 1.000000

	*bd03060	-91	-25	-39		91	25	39
	-node_tm
	0.376548 0.000000 -0.926397 0.000000
	0.000000 1.000000 0.000000 0.000000
	0.926397 0.000000 0.376548 0.000000
	-6028.983398 591.895691 4940.387695 1.000000

	*bd03022	-83	-25	-41		83	25	41
	-node_tm
	0.723690 0.000000 -0.690125 0.000000
	0.000000 1.000000 0.000000 0.000000
	0.690125 0.000000 0.723690 0.000000
	4600.651367 1780.703369 990.005188 1.000000

	*bd03002	-98	-25	-38		98	25	38
	-node_tm
	1.000000 0.000000 -0.000000 0.000000
	0.000000 1.000000 0.000000 0.000000
	0.000000 0.000000 1.000000 0.000000
	4927.396484 1780.703369 1066.168823 1.000000

	*bd03012	-39	-25	-90		39	25	90
	-node_tm
	0.007680 0.000000 -0.999970 0.000000
	0.000000 1.000000 0.000000 0.000000
	0.999970 0.000000 0.007680 0.000000
	5260.201172 1780.702881 1226.087036 1.000000

	*sd03001	-20	-14	-20		20	14	20
	-node_tm
	1.000000 0.000000 -0.000000 0.000000
	0.000000 1.000000 0.000000 0.000000
	0.000000 0.000000 1.000000 0.000000
	-6220.085449 575.558228 4597.095215 1.000000

	*sd03011	-15	-25	-12		15	25	12
	-node_tm
	0.961837 0.000000 -0.273623 0.000000
	0.000000 1.000000 0.000000 0.000000
	0.273623 0.000000 0.961837 0.000000
	-5990.931152 574.928711 5073.813965 1.000000

	*sd03021	-25	-25	-25		25	25	25
	-node_tm
	0.110255 0.000000 -0.993903 0.000000
	0.000000 1.000000 0.000000 0.000000
	0.993903 0.000000 0.110255 0.000000
	-6370.426270 575.569580 4573.423340 1.000000

	*sd03120	-10	-10	-10		10	10	10
	-node_tm
	-0.050070 0.000000 -0.998746 0.000000
	0.000000 1.000000 0.000000 0.000000
	0.998746 0.000000 -0.050070 0.000000
	-3371.684814 403.941742 7023.768555 1.000000

	*bd03120	-100	-10	-50		100	10	50
	-node_tm
	-0.642921 0.000000 -0.765933 0.000000
	0.000000 1.000000 0.000000 0.000000
	0.765933 0.000000 -0.642921 0.000000
	-3423.230469 404.326660 7084.651367 1.000000

	*neutralbm01	-300	-150	-200		300	150	200
	-node_tm
	0.980683 0.000000 -0.195604 0.000000
	0.000000 1.000000 0.000000 0.000000
	0.195604 0.000000 0.980683 0.000000
	-5219.991211 620.431885 3808.052979 1.000000

	*dmm01_0	-100	-150	-100		100	150	100
	-node_tm
	0.980683 0.000000 -0.195604 0.000000
	0.000000 1.000000 0.000000 0.000000
	0.195604 0.000000 0.980683 0.000000
	-5404.067383 600.431885 3649.711182 1.000000

	*dmm01_1	-100	-150	-100		100	150	100
	-node_tm
	0.980683 0.000000 -0.195604 0.000000
	0.000000 1.000000 0.000000 0.000000
	0.195604 0.000000 0.980683 0.000000
	-5207.930664 600.431885 3688.831787 1.000000

	*dmm01_2	-100	-150	-100		100	150	100
	-node_tm
	0.980683 0.000000 -0.195604 0.000000
	0.000000 1.000000 0.000000 0.000000
	0.195604 0.000000 0.980683 0.000000
	-5011.794434 600.431885 3727.952637 1.000000

	*dmm01_3	-100	-150	-100		100	150	100
	-node_tm
	0.980683 0.000000 -0.195604 0.000000
	0.000000 1.000000 0.000000 0.000000
	0.195604 0.000000 0.980683 0.000000
	-5443.187988 600.431885 3845.847656 1.000000

	*dmm01_4	-100	-150	-100		100	150	100
	-node_tm
	0.980683 0.000000 -0.195604 0.000000
	0.000000 1.000000 0.000000 0.000000
	0.195604 0.000000 0.980683 0.000000
	-5247.051758 600.431885 3884.968506 1.000000

	*dmm01_5	-100	-150	-100		100	150	100
	-node_tm
	0.980683 0.000000 -0.195604 0.000000
	0.000000 1.000000 0.000000 0.000000
	0.195604 0.000000 0.980683 0.000000
	-5050.915039 600.431885 3924.089111 1.000000

	*neutralbm02	-300	-150	-100		300	150	100
	-node_tm
	0.190809 0.000000 -0.981627 0.000000
	0.000000 1.000000 0.000000 0.000000
	0.981627 0.000000 0.190809 0.000000
	-4696.536621 549.344238 3990.184570 1.000000

	*dmm02_0	-100	-150	-50		100	150	50
	-node_tm
	0.190809 0.000000 -0.981627 0.000000
	0.000000 1.000000 0.000000 0.000000
	0.981627 0.000000 0.190809 0.000000
	-4806.926270 529.344238 4194.838867 1.000000

	*dmm02_1	-100	-150	-50		100	150	50
	-node_tm
	0.190809 0.000000 -0.981627 0.000000
	0.000000 1.000000 0.000000 0.000000
	0.981627 0.000000 0.190809 0.000000
	-4764.759766 529.344238 3994.461426 1.000000

	*dmm02_2	-100	-150	-50		100	150	50
	-node_tm
	0.190809 0.000000 -0.981627 0.000000
	0.000000 1.000000 0.000000 0.000000
	0.981627 0.000000 0.190809 0.000000
	-4726.597656 529.344238 3798.135986 1.000000

	*dmm02_3	-100	-150	-50		100	150	50
	-node_tm
	0.190809 0.000000 -0.981627 0.000000
	0.000000 1.000000 0.000000 0.000000
	0.981627 0.000000 0.190809 0.000000
	-4704.758789 529.344238 4209.868164 1.000000

	*dmm02_4	-100	-150	-50		100	150	50
	-node_tm
	0.190809 0.000000 -0.981627 0.000000
	0.000000 1.000000 0.000000 0.000000
	0.981627 0.000000 0.190809 0.000000
	-4666.596680 529.344238 4013.542480 1.000000

	*dmm02_5	-100	-150	-50		100	150	50
	-node_tm
	0.190809 0.000000 -0.981627 0.000000
	0.000000 1.000000 0.000000 0.000000
	0.981627 0.000000 0.190809 0.000000
	-4628.435059 529.344238 3817.217041 1.000000

	*neutralbm03	-300	-150	-100		300	150	100
	-node_tm
	0.190809 0.000000 -0.981627 0.000000
	0.000000 1.000000 0.000000 0.000000
	0.981627 0.000000 0.190809 0.000000
	-4452.256348 565.887268 4184.862793 1.000000

	*dmm03_0	-100	-150	-100		100	150	100
	-node_tm
	0.190809 0.000000 -0.981627 0.000000
	0.000000 1.000000 0.000000 0.000000
	0.981627 0.000000 0.190809 0.000000
	-4508.921387 545.887268 4397.698242 1.000000

	*dmm03_1	-100	-150	-100		100	150	100
	-node_tm
	0.190809 0.000000 -0.981627 0.000000
	0.000000 1.000000 0.000000 0.000000
	0.981627 0.000000 0.190809 0.000000
	-4470.759766 545.887268 4201.373047 1.000000

	*dmm03_2	-100	-150	-100		100	150	100
	-node_tm
	0.190809 0.000000 -0.981627 0.000000
	0.000000 1.000000 0.000000 0.000000
	0.981627 0.000000 0.190809 0.000000
	-4777.559082 545.887268 4403.838867 1.000000

	*neutralbm04	-150	-150	-500		150	150	500
	-node_tm
	0.847863 0.000000 -0.530215 0.000000
	0.000000 1.000000 0.000000 0.000000
	0.530215 0.000000 0.847863 0.000000
	-4370.586914 479.452698 5118.801758 1.000000

	*dmm04_0	-75	-150	-100		75	150	100
	-node_tm
	0.847863 0.000000 -0.530215 0.000000
	0.000000 1.000000 0.000000 0.000000
	0.530215 0.000000 0.847863 0.000000
	-4667.222656 459.452698 4823.987305 1.000000

	*dmm04_1	-75	-150	-100		75	150	100
	-node_tm
	0.847863 0.000000 -0.530215 0.000000
	0.000000 1.000000 0.000000 0.000000
	0.530215 0.000000 0.847863 0.000000
	-4540.042969 459.452698 4744.455078 1.000000

	*dmm04_2	-75	-150	-100		75	150	100
	-node_tm
	0.847863 0.000000 -0.530215 0.000000
	0.000000 1.000000 0.000000 0.000000
	0.530215 0.000000 0.847863 0.000000
	-4558.616211 459.452698 4995.516602 1.000000

	*dmm04_3	-75	-150	-100		75	150	100
	-node_tm
	0.847863 0.000000 -0.530215 0.000000
	0.000000 1.000000 0.000000 0.000000
	0.530215 0.000000 0.847863 0.000000
	-4434.000000 459.452698 4914.027344 1.000000

	*dmm04_4	-75	-150	-100		75	150	100
	-node_tm
	0.847863 0.000000 -0.530215 0.000000
	0.000000 1.000000 0.000000 0.000000
	0.530215 0.000000 0.847863 0.000000
	-4455.136719 459.452698 5163.132324 1.000000

	*dmm04_5	-75	-150	-100		75	150	100
	-node_tm
	0.847863 0.000000 -0.530215 0.000000
	0.000000 1.000000 0.000000 0.000000
	0.530215 0.000000 0.847863 0.000000
	-4327.957031 459.452698 5083.600098 1.000000

	*dmm04_6	-75	-150	-100		75	150	100
	-node_tm
	0.847863 0.000000 -0.530215 0.000000
	0.000000 1.000000 0.000000 0.000000
	0.530215 0.000000 0.847863 0.000000
	-4349.093750 459.452698 5332.705078 1.000000

	*dmm04_7	-75	-150	-100		75	150	100
	-node_tm
	0.847863 0.000000 -0.530215 0.000000
	0.000000 1.000000 0.000000 0.000000
	0.530215 0.000000 0.847863 0.000000
	-4221.914063 459.452698 5253.172852 1.000000

	*dmm04_8	-75	-150	-100		75	150	100
	-node_tm
	0.847863 0.000000 -0.530215 0.000000
	0.000000 1.000000 0.000000 0.000000
	0.530215 0.000000 0.847863 0.000000
	-4243.050781 459.452698 5502.277344 1.000000

	*dmm04_9	-75	-150	-100		75	150	100
	-node_tm
	0.847863 0.000000 -0.530215 0.000000
	0.000000 1.000000 0.000000 0.000000
	0.530215 0.000000 0.847863 0.000000
	-4115.871094 459.452698 5422.745117 1.000000

	*neutralbm05	-400	-150	-500		400	150	500
	-node_tm
	0.856718 0.000000 -0.515785 0.000000
	0.000000 1.000000 0.000000 0.000000
	0.515785 0.000000 0.856718 0.000000
	-3586.400391 363.570892 6023.496582 1.000000

	*dmm05_0	-100	-150	-100		100	150	100
	-node_tm
	0.856718 0.000000 -0.515785 0.000000
	0.000000 1.000000 0.000000 0.000000
	0.515785 0.000000 0.856718 0.000000
	-4059.833984 343.570892 5847.698730 1.000000

	*dmm05_1	-100	-150	-100		100	150	100
	-node_tm
	0.856718 0.000000 -0.515785 0.000000
	0.000000 1.000000 0.000000 0.000000
	0.515785 0.000000 0.856718 0.000000
	-3888.490479 343.570892 5744.541504 1.000000

	*dmm05_2	-100	-150	-100		100	150	100
	-node_tm
	0.856718 0.000000 -0.515785 0.000000
	0.000000 1.000000 0.000000 0.000000
	0.515785 0.000000 0.856718 0.000000
	-3717.146973 343.570892 5641.384277 1.000000

	*dmm05_3	-100	-150	-100		100	150	100
	-node_tm
	0.856718 0.000000 -0.515785 0.000000
	0.000000 1.000000 0.000000 0.000000
	0.515785 0.000000 0.856718 0.000000
	-3545.803467 343.570892 5538.227051 1.000000

	*dmm05_4	-100	-150	-100		100	150	100
	-node_tm
	0.856718 0.000000 -0.515785 0.000000
	0.000000 1.000000 0.000000 0.000000
	0.515785 0.000000 0.856718 0.000000
	-3956.676758 343.570892 6019.041992 1.000000

	*dmm05_5	-100	-150	-100		100	150	100
	-node_tm
	0.856718 0.000000 -0.515785 0.000000
	0.000000 1.000000 0.000000 0.000000
	0.515785 0.000000 0.856718 0.000000
	-3785.333252 343.570892 5915.884766 1.000000

	*dmm05_6	-100	-150	-100		100	150	100
	-node_tm
	0.856718 0.000000 -0.515785 0.000000
	0.000000 1.000000 0.000000 0.000000
	0.515785 0.000000 0.856718 0.000000
	-3613.989746 343.570892 5812.728027 1.000000

	*dmm05_7	-100	-150	-100		100	150	100
	-node_tm
	0.856718 0.000000 -0.515785 0.000000
	0.000000 1.000000 0.000000 0.000000
	0.515785 0.000000 0.856718 0.000000
	-3442.646240 343.570892 5709.570801 1.000000

	*dmm05_8	-100	-150	-100		100	150	100
	-node_tm
	0.856718 0.000000 -0.515785 0.000000
	0.000000 1.000000 0.000000 0.000000
	0.515785 0.000000 0.856718 0.000000
	-3853.519775 343.570892 6190.385742 1.000000

	*dmm05_9	-100	-150	-100		100	150	100
	-node_tm
	0.856718 0.000000 -0.515785 0.000000
	0.000000 1.000000 0.000000 0.000000
	0.515785 0.000000 0.856718 0.000000
	-3682.176270 343.570892 6087.228516 1.000000

	*dmm05_10	-100	-150	-100		100	150	100
	-node_tm
	0.856718 0.000000 -0.515785 0.000000
	0.000000 1.000000 0.000000 0.000000
	0.515785 0.000000 0.856718 0.000000
	-3510.832520 343.570892 5984.071289 1.000000

	*dmm05_11	-100	-150	-100		100	150	100
	-node_tm
	0.856718 0.000000 -0.515785 0.000000
	0.000000 1.000000 0.000000 0.000000
	0.515785 0.000000 0.856718 0.000000
	-3339.489014 343.570892 5880.914063 1.000000

	*dmm05_12	-100	-150	-100		100	150	100
	-node_tm
	0.856718 0.000000 -0.515785 0.000000
	0.000000 1.000000 0.000000 0.000000
	0.515785 0.000000 0.856718 0.000000
	-3753.187256 343.570892 6364.888672 1.000000

	*dmm05_13	-100	-150	-100		100	150	100
	-node_tm
	0.856718 0.000000 -0.515785 0.000000
	0.000000 1.000000 0.000000 0.000000
	0.515785 0.000000 0.856718 0.000000
	-3580.301270 343.570892 6259.854980 1.000000

	*dmm05_14	-100	-150	-100		100	150	100
	-node_tm
	0.856718 0.000000 -0.515785 0.000000
	0.000000 1.000000 0.000000 0.000000
	0.515785 0.000000 0.856718 0.000000
	-3407.675537 343.570892 6155.415039 1.000000

	*dmm05_15	-100	-150	-100		100	150	100
	-node_tm
	0.856718 0.000000 -0.515785 0.000000
	0.000000 1.000000 0.000000 0.000000
	0.515785 0.000000 0.856718 0.000000
	-3236.332031 343.570892 6052.257813 1.000000

	*dmm05_16	-100	-150	-100		100	150	100
	-node_tm
	0.856718 0.000000 -0.515785 0.000000
	0.000000 1.000000 0.000000 0.000000
	0.515785 0.000000 0.856718 0.000000
	-3645.636719 343.570892 6533.442383 1.000000

	*dmm05_17	-100	-150	-100		100	150	100
	-node_tm
	0.856718 0.000000 -0.515785 0.000000
	0.000000 1.000000 0.000000 0.000000
	0.515785 0.000000 0.856718 0.000000
	-3475.861816 343.570892 6429.915527 1.000000

	*dmm05_18	-100	-150	-100		100	150	100
	-node_tm
	0.856718 0.000000 -0.515785 0.000000
	0.000000 1.000000 0.000000 0.000000
	0.515785 0.000000 0.856718 0.000000
	-3304.518311 343.570892 6326.758301 1.000000

	*dmm05_19	-100	-150	-100		100	150	100
	-node_tm
	0.856718 0.000000 -0.515785 0.000000
	0.000000 1.000000 0.000000 0.000000
	0.515785 0.000000 0.856718 0.000000
	-3133.174805 343.570892 6223.601074 1.000000

	*neutralbm06	-200	-150	-500		200	150	500
	-node_tm
	0.767389 0.000000 -0.641182 0.000000
	0.000000 1.000000 0.000000 0.000000
	0.641182 0.000000 0.767389 0.000000
	-2088.324219 303.337708 5231.562988 1.000000

	*dmm06_0	-100	-150	-100		100	150	100
	-node_tm
	0.767389 0.000000 -0.641182 0.000000
	0.000000 1.000000 0.000000 0.000000
	0.641182 0.000000 0.767389 0.000000
	-2440.839600 283.337708 4969.088379 1.000000

	*dmm06_1	-100	-150	-100		100	150	100
	-node_tm
	0.767389 0.000000 -0.641182 0.000000
	0.000000 1.000000 0.000000 0.000000
	0.641182 0.000000 0.767389 0.000000
	-2287.361816 283.337708 4840.852051 1.000000

	*dmm06_2	-100	-150	-100		100	150	100
	-node_tm
	0.767389 0.000000 -0.641182 0.000000
	0.000000 1.000000 0.000000 0.000000
	0.641182 0.000000 0.767389 0.000000
	-2312.603271 283.337708 5122.565918 1.000000

	*dmm06_3	-100	-150	-100		100	150	100
	-node_tm
	0.767389 0.000000 -0.641182 0.000000
	0.000000 1.000000 0.000000 0.000000
	0.641182 0.000000 0.767389 0.000000
	-2159.125244 283.337708 4994.329590 1.000000

	*dmm06_4	-100	-150	-100		100	150	100
	-node_tm
	0.767389 0.000000 -0.641182 0.000000
	0.000000 1.000000 0.000000 0.000000
	0.641182 0.000000 0.767389 0.000000
	-2184.366943 283.337708 5276.043945 1.000000

	*dmm06_5	-100	-150	-100		100	150	100
	-node_tm
	0.767389 0.000000 -0.641182 0.000000
	0.000000 1.000000 0.000000 0.000000
	0.641182 0.000000 0.767389 0.000000
	-2030.889038 283.337708 5147.807617 1.000000

	*dmm06_6	-100	-150	-100		100	150	100
	-node_tm
	0.767389 0.000000 -0.641182 0.000000
	0.000000 1.000000 0.000000 0.000000
	0.641182 0.000000 0.767389 0.000000
	-1681.692871 267.537689 5079.772461 1.000000

	*dmm06_7	-100	-150	-100		100	150	100
	-node_tm
	0.767389 0.000000 -0.641182 0.000000
	0.000000 1.000000 0.000000 0.000000
	0.641182 0.000000 0.767389 0.000000
	-1891.805664 283.337708 5293.377441 1.000000

	*dmm06_8	-100	-150	-100		100	150	100
	-node_tm
	0.767389 0.000000 -0.641182 0.000000
	0.000000 1.000000 0.000000 0.000000
	0.641182 0.000000 0.767389 0.000000
	-1927.894165 283.337708 5582.999512 1.000000

	*dmm06_9	-100	-150	-100		100	150	100
	-node_tm
	0.767389 0.000000 -0.641182 0.000000
	0.000000 1.000000 0.000000 0.000000
	0.641182 0.000000 0.767389 0.000000
	-1774.416260 283.337708 5454.763184 1.000000

	*neutralbm07	-200	-150	-300		200	150	300
	-node_tm
	0.946142 0.000000 -0.323752 0.000000
	0.000000 1.000000 0.000000 0.000000
	0.323752 0.000000 0.946142 0.000000
	-2956.741699 688.866882 4075.206299 1.000000

	*dmm07_0	-100	-150	-100		100	150	100
	-node_tm
	0.946142 0.000000 -0.323752 0.000000
	0.000000 1.000000 0.000000 0.000000
	0.323752 0.000000 0.946142 0.000000
	-3136.106445 668.866882 3898.353027 1.000000

	*dmm07_1	-100	-150	-100		100	150	100
	-node_tm
	0.946142 0.000000 -0.323752 0.000000
	0.000000 1.000000 0.000000 0.000000
	0.323752 0.000000 0.946142 0.000000
	-2946.877930 668.866882 3833.602783 1.000000

	*dmm07_2	-100	-150	-100		100	150	100
	-node_tm
	0.946142 0.000000 -0.323752 0.000000
	0.000000 1.000000 0.000000 0.000000
	0.323752 0.000000 0.946142 0.000000
	-3071.355957 668.866882 4087.581543 1.000000

	*dmm07_3	-100	-150	-100		100	150	100
	-node_tm
	0.946142 0.000000 -0.323752 0.000000
	0.000000 1.000000 0.000000 0.000000
	0.323752 0.000000 0.946142 0.000000
	-2882.127441 668.866882 4022.831055 1.000000

	*dmm07_4	-100	-150	-100		100	150	100
	-node_tm
	0.946142 0.000000 -0.323752 0.000000
	0.000000 1.000000 0.000000 0.000000
	0.323752 0.000000 0.946142 0.000000
	-3006.605469 668.866882 4276.810059 1.000000

	*dmm07_5	-100	-150	-100		100	150	100
	-node_tm
	0.946142 0.000000 -0.323752 0.000000
	0.000000 1.000000 0.000000 0.000000
	0.323752 0.000000 0.946142 0.000000
	-2817.376953 668.866882 4212.059570 1.000000

	*neutralbm08	-400	-150	-500		400	150	500
	-node_tm
	0.635674 0.000000 -0.771958 0.000000
	0.000000 1.000000 0.000000 0.000000
	0.771958 0.000000 0.635674 0.000000
	-2929.951904 863.232910 3119.447510 1.000000

	*dmm08_0	-100	-150	-100		100	150	100
	-node_tm
	0.635674 0.000000 -0.771958 0.000000
	0.000000 1.000000 0.000000 0.000000
	0.771958 0.000000 0.635674 0.000000
	-3445.413330 843.232910 3086.968994 1.000000

	*dmm08_1	-100	-150	-100		100	150	100
	-node_tm
	0.635674 0.000000 -0.771958 0.000000
	0.000000 1.000000 0.000000 0.000000
	0.771958 0.000000 0.635674 0.000000
	-3323.016846 843.232910 2913.889404 1.000000

	*dmm08_2	-100	-150	-100		100	150	100
	-node_tm
	0.635674 0.000000 -0.771958 0.000000
	0.000000 1.000000 0.000000 0.000000
	0.771958 0.000000 0.635674 0.000000
	-3191.143555 843.232910 2778.186279 1.000000

	*dmm08_3	-100	-150	-100		100	150	100
	-node_tm
	0.635674 0.000000 -0.771958 0.000000
	0.000000 1.000000 0.000000 0.000000
	0.771958 0.000000 0.635674 0.000000
	-3064.008545 843.232910 2623.794678 1.000000

	*dmm08_4	-100	-150	-100		100	150	100
	-node_tm
	0.635674 0.000000 -0.771958 0.000000
	0.000000 1.000000 0.000000 0.000000
	0.771958 0.000000 0.635674 0.000000
	-3291.021729 843.232910 3214.104004 1.000000

	*dmm08_5	-100	-150	-100		100	150	100
	-node_tm
	0.635674 0.000000 -0.771958 0.000000
	0.000000 1.000000 0.000000 0.000000
	0.771958 0.000000 0.635674 0.000000
	-3163.886963 843.232910 3059.712402 1.000000

	*dmm08_6	-100	-150	-100		100	150	100
	-node_tm
	0.635674 0.000000 -0.771958 0.000000
	0.000000 1.000000 0.000000 0.000000
	0.771958 0.000000 0.635674 0.000000
	-3036.751953 843.232910 2905.321045 1.000000

	*dmm08_7	-100	-150	-100		100	150	100
	-node_tm
	0.635674 0.000000 -0.771958 0.000000
	0.000000 1.000000 0.000000 0.000000
	0.771958 0.000000 0.635674 0.000000
	-2909.617188 843.232910 2750.929443 1.000000

	*dmm08_8	-100	-150	-100		100	150	100
	-node_tm
	0.635674 0.000000 -0.771958 0.000000
	0.000000 1.000000 0.000000 0.000000
	0.771958 0.000000 0.635674 0.000000
	-3136.630371 843.232910 3341.238770 1.000000

	*dmm08_9	-100	-150	-100		100	150	100
	-node_tm
	0.635674 0.000000 -0.771958 0.000000
	0.000000 1.000000 0.000000 0.000000
	0.771958 0.000000 0.635674 0.000000
	-3009.495361 843.232910 3186.847412 1.000000

	*dmm08_10	-100	-150	-100		100	150	100
	-node_tm
	0.635674 0.000000 -0.771958 0.000000
	0.000000 1.000000 0.000000 0.000000
	0.771958 0.000000 0.635674 0.000000
	-2882.360596 843.232910 3032.455811 1.000000

	*dmm08_11	-100	-150	-100		100	150	100
	-node_tm
	0.635674 0.000000 -0.771958 0.000000
	0.000000 1.000000 0.000000 0.000000
	0.771958 0.000000 0.635674 0.000000
	-2755.225586 843.232910 2878.064453 1.000000

	*dmm08_12	-100	-150	-100		100	150	100
	-node_tm
	0.635674 0.000000 -0.771958 0.000000
	0.000000 1.000000 0.000000 0.000000
	0.771958 0.000000 0.635674 0.000000
	-2982.238770 843.232910 3468.373779 1.000000

	*dmm08_13	-100	-150	-100		100	150	100
	-node_tm
	0.635674 0.000000 -0.771958 0.000000
	0.000000 1.000000 0.000000 0.000000
	0.771958 0.000000 0.635674 0.000000
	-2855.104004 843.232910 3313.982178 1.000000

	*dmm08_14	-100	-150	-100		100	150	100
	-node_tm
	0.635674 0.000000 -0.771958 0.000000
	0.000000 1.000000 0.000000 0.000000
	0.771958 0.000000 0.635674 0.000000
	-2727.968994 843.232910 3159.590820 1.000000

	*dmm08_15	-100	-150	-100		100	150	100
	-node_tm
	0.635674 0.000000 -0.771958 0.000000
	0.000000 1.000000 0.000000 0.000000
	0.771958 0.000000 0.635674 0.000000
	-2600.834229 843.232910 3005.199219 1.000000

	*dmm08_16	-100	-150	-100		100	150	100
	-node_tm
	0.635674 0.000000 -0.771958 0.000000
	0.000000 1.000000 0.000000 0.000000
	0.771958 0.000000 0.635674 0.000000
	-2827.847412 843.232910 3595.508545 1.000000

	*dmm08_17	-100	-150	-100		100	150	100
	-node_tm
	0.635674 0.000000 -0.771958 0.000000
	0.000000 1.000000 0.000000 0.000000
	0.771958 0.000000 0.635674 0.000000
	-2700.712402 843.232910 3441.116943 1.000000

	*dmm08_18	-100	-150	-100		100	150	100
	-node_tm
	0.635674 0.000000 -0.771958 0.000000
	0.000000 1.000000 0.000000 0.000000
	0.771958 0.000000 0.635674 0.000000
	-2573.577637 843.232910 3286.725586 1.000000

	*dmm08_19	-100	-150	-100		100	150	100
	-node_tm
	0.635674 0.000000 -0.771958 0.000000
	0.000000 1.000000 0.000000 0.000000
	0.771958 0.000000 0.635674 0.000000
	-2446.442627 843.232910 3132.334229 1.000000

	*neutralbm09	-400	-150	-200		400	150	200
	-node_tm
	-0.723328 0.000000 -0.690505 0.000000
	0.000000 1.000000 0.000000 0.000000
	0.690505 0.000000 -0.723328 0.000000
	-3697.853516 821.952576 2425.301514 1.000000

	*dmm09_0	-100	-150	-100		100	150	100
	-node_tm
	-0.723328 0.000000 -0.690505 0.000000
	0.000000 1.000000 0.000000 0.000000
	0.690505 0.000000 -0.723328 0.000000
	-3569.266357 801.952576 2684.334473 1.000000

	*dmm09_1	-100	-150	-100		100	150	100
	-node_tm
	-0.723328 0.000000 -0.690505 0.000000
	0.000000 1.000000 0.000000 0.000000
	0.690505 0.000000 -0.723328 0.000000
	-3714.376953 801.952576 2546.636475 1.000000

	*dmm09_2	-100	-150	-100		100	150	100
	-node_tm
	-0.723328 0.000000 -0.690505 0.000000
	0.000000 1.000000 0.000000 0.000000
	0.690505 0.000000 -0.723328 0.000000
	-3859.042725 801.952576 2408.535645 1.000000

	*dmm09_3	-100	-150	-100		100	150	100
	-node_tm
	-0.723328 0.000000 -0.690505 0.000000
	0.000000 1.000000 0.000000 0.000000
	0.690505 0.000000 -0.723328 0.000000
	-4003.805664 801.952576 2270.871338 1.000000

	*dmm09_4	-100	-150	-100		100	150	100
	-node_tm
	-0.723328 0.000000 -0.690505 0.000000
	0.000000 1.000000 0.000000 0.000000
	0.690505 0.000000 -0.723328 0.000000
	-3431.610596 801.952576 2540.071533 1.000000

	*dmm09_5	-100	-150	-100		100	150	100
	-node_tm
	-0.723328 0.000000 -0.690505 0.000000
	0.000000 1.000000 0.000000 0.000000
	0.690505 0.000000 -0.723328 0.000000
	-3576.276123 801.952576 2401.970703 1.000000

	*dmm09_6	-100	-150	-100		100	150	100
	-node_tm
	-0.723328 0.000000 -0.690505 0.000000
	0.000000 1.000000 0.000000 0.000000
	0.690505 0.000000 -0.723328 0.000000
	-3720.941895 801.952576 2263.869873 1.000000

	*dmm09_7	-100	-150	-100		100	150	100
	-node_tm
	-0.723328 0.000000 -0.690505 0.000000
	0.000000 1.000000 0.000000 0.000000
	0.690505 0.000000 -0.723328 0.000000
	-3865.656006 801.952576 2125.574951 1.000000

	*neutralbm10	-400	-150	-300		400	150	300
	-node_tm
	-0.960196 0.000000 -0.279327 0.000000
	0.000000 1.000000 0.000000 0.000000
	0.279327 0.000000 -0.960196 0.000000
	-4589.926270 493.631287 1540.860962 1.000000

	*dmm10_0	-100	-150	-100		100	150	100
	-node_tm
	-0.960196 0.000000 -0.279327 0.000000
	0.000000 1.000000 0.000000 0.000000
	0.279327 0.000000 -0.960196 0.000000
	-4362.844727 473.631287 1803.203735 1.000000

	*dmm10_1	-100	-150	-100		100	150	100
	-node_tm
	-0.960196 0.000000 -0.279327 0.000000
	0.000000 1.000000 0.000000 0.000000
	0.279327 0.000000 -0.960196 0.000000
	-4554.883789 473.631287 1747.338379 1.000000

	*dmm10_2	-100	-150	-100		100	150	100
	-node_tm
	-0.960196 0.000000 -0.279327 0.000000
	0.000000 1.000000 0.000000 0.000000
	0.279327 0.000000 -0.960196 0.000000
	-4746.922852 473.631287 1691.473022 1.000000

	*dmm10_3	-100	-150	-100		100	150	100
	-node_tm
	-0.960196 0.000000 -0.279327 0.000000
	0.000000 1.000000 0.000000 0.000000
	0.279327 0.000000 -0.960196 0.000000
	-4938.962402 473.631287 1635.607666 1.000000

	*dmm10_4	-100	-150	-100		100	150	100
	-node_tm
	-0.960196 0.000000 -0.279327 0.000000
	0.000000 1.000000 0.000000 0.000000
	0.279327 0.000000 -0.960196 0.000000
	-4306.979492 473.631287 1611.164551 1.000000

	*dmm10_5	-100	-150	-100		100	150	100
	-node_tm
	-0.960196 0.000000 -0.279327 0.000000
	0.000000 1.000000 0.000000 0.000000
	0.279327 0.000000 -0.960196 0.000000
	-4499.018555 473.631287 1555.299194 1.000000

	*dmm10_6	-100	-150	-100		100	150	100
	-node_tm
	-0.960196 0.000000 -0.279327 0.000000
	0.000000 1.000000 0.000000 0.000000
	0.279327 0.000000 -0.960196 0.000000
	-4691.057617 473.631287 1499.433716 1.000000

	*dmm10_7	-100	-150	-100		100	150	100
	-node_tm
	-0.960196 0.000000 -0.279327 0.000000
	0.000000 1.000000 0.000000 0.000000
	0.279327 0.000000 -0.960196 0.000000
	-4883.096680 473.631287 1443.568359 1.000000

	*dmm10_8	-100	-150	-100		100	150	100
	-node_tm
	-0.960196 0.000000 -0.279327 0.000000
	0.000000 1.000000 0.000000 0.000000
	0.279327 0.000000 -0.960196 0.000000
	-4251.113770 473.631287 1419.125244 1.000000

	*dmm10_9	-100	-150	-100		100	150	100
	-node_tm
	-0.960196 0.000000 -0.279327 0.000000
	0.000000 1.000000 0.000000 0.000000
	0.279327 0.000000 -0.960196 0.000000
	-4443.153320 473.631287 1363.259888 1.000000

	*dmm10_10	-100	-150	-100		100	150	100
	-node_tm
	-0.960196 0.000000 -0.279327 0.000000
	0.000000 1.000000 0.000000 0.000000
	0.279327 0.000000 -0.960196 0.000000
	-4635.192383 473.631287 1307.394531 1.000000

	*dmm10_11	-100	-150	-100		100	150	100
	-node_tm
	-0.960196 0.000000 -0.279327 0.000000
	0.000000 1.000000 0.000000 0.000000
	0.279327 0.000000 -0.960196 0.000000
	-4827.231445 473.631287 1251.529175 1.000000

	*neutralbm11	-400	-150	-200		400	150	200
	-node_tm
	-0.993109 0.000000 -0.117195 0.000000
	0.000000 1.000000 0.000000 0.000000
	0.117195 0.000000 -0.993109 0.000000
	-5590.151367 410.630768 1674.897827 1.000000

	*dmm11_0	-100	-150	-100		100	150	100
	-node_tm
	-0.993110 0.000000 -0.117186 0.000000
	0.000000 1.000000 0.000000 0.000000
	0.117186 0.000000 -0.993110 0.000000
	-5296.088379 390.630768 1745.684692 1.000000

	*dmm11_1	-100	-150	-100		100	150	100
	-node_tm
	-0.993110 0.000000 -0.117186 0.000000
	0.000000 1.000000 0.000000 0.000000
	0.117186 0.000000 -0.993110 0.000000
	-5494.710449 390.630768 1769.122681 1.000000

	*dmm11_2	-100	-150	-100		100	150	100
	-node_tm
	-0.993110 0.000000 -0.117186 0.000000
	0.000000 1.000000 0.000000 0.000000
	0.117186 0.000000 -0.993110 0.000000
	-5693.332031 390.630768 1792.560669 1.000000

	*dmm11_3	-100	-150	-100		100	150	100
	-node_tm
	-0.993110 0.000000 -0.117186 0.000000
	0.000000 1.000000 0.000000 0.000000
	0.117186 0.000000 -0.993110 0.000000
	-5891.954102 390.630768 1815.998657 1.000000

	*dmm11_4	-100	-150	-100		100	150	100
	-node_tm
	-0.993110 0.000000 -0.117186 0.000000
	0.000000 1.000000 0.000000 0.000000
	0.117186 0.000000 -0.993110 0.000000
	-5319.526367 390.630768 1547.062866 1.000000

	*dmm11_5	-100	-150	-100		100	150	100
	-node_tm
	-0.993110 0.000000 -0.117186 0.000000
	0.000000 1.000000 0.000000 0.000000
	0.117186 0.000000 -0.993110 0.000000
	-5518.148438 390.630768 1570.500854 1.000000

	*dmm11_6	-100	-150	-100		100	150	100
	-node_tm
	-0.993110 0.000000 -0.117186 0.000000
	0.000000 1.000000 0.000000 0.000000
	0.117186 0.000000 -0.993110 0.000000
	-5716.770020 390.630768 1593.938843 1.000000

	*dmm11_7	-100	-150	-100		100	150	100
	-node_tm
	-0.993110 0.000000 -0.117186 0.000000
	0.000000 1.000000 0.000000 0.000000
	0.117186 0.000000 -0.993110 0.000000
	-5915.392090 390.630768 1617.376831 1.000000

	*neutralbm12	-400	-150	-200		400	150	200
	-node_tm
	-0.607653 0.000000 -0.794203 0.000000
	0.000000 1.000000 0.000000 0.000000
	0.794203 0.000000 -0.607653 0.000000
	-5892.768066 201.939606 666.266602 1.000000

	*dmm12_0	-100	-150	-100		100	150	100
	-node_tm
	-0.607653 0.000000 -0.794203 0.000000
	0.000000 1.000000 0.000000 0.000000
	0.794203 0.000000 -0.607653 0.000000
	-5809.567383 181.939606 945.060425 1.000000

	*dmm12_1	-100	-150	-100		100	150	100
	-node_tm
	-0.607653 0.000000 -0.794203 0.000000
	0.000000 1.000000 0.000000 0.000000
	0.794203 0.000000 -0.607653 0.000000
	-5931.097656 181.939606 786.219849 1.000000

	*dmm12_2	-100	-150	-100		100	150	100
	-node_tm
	-0.607653 0.000000 -0.794203 0.000000
	0.000000 1.000000 0.000000 0.000000
	0.794203 0.000000 -0.607653 0.000000
	-6052.628418 181.939606 627.379272 1.000000

	*dmm12_3	-100	-150	-100		100	150	100
	-node_tm
	-0.607653 0.000000 -0.794203 0.000000
	0.000000 1.000000 0.000000 0.000000
	0.794203 0.000000 -0.607653 0.000000
	-6174.159180 181.939606 468.538696 1.000000

	*dmm12_4	-100	-150	-100		100	150	100
	-node_tm
	-0.607653 0.000000 -0.794203 0.000000
	0.000000 1.000000 0.000000 0.000000
	0.794203 0.000000 -0.607653 0.000000
	-5650.726563 181.939606 823.529907 1.000000

	*dmm12_5	-100	-150	-100		100	150	100
	-node_tm
	-0.607653 0.000000 -0.794203 0.000000
	0.000000 1.000000 0.000000 0.000000
	0.794203 0.000000 -0.607653 0.000000
	-5772.257324 181.939606 664.689331 1.000000

	*dmm12_6	-100	-150	-100		100	150	100
	-node_tm
	-0.607653 0.000000 -0.794203 0.000000
	0.000000 1.000000 0.000000 0.000000
	0.794203 0.000000 -0.607653 0.000000
	-5893.788086 181.939606 505.848755 1.000000

	*dmm12_7	-100	-150	-100		100	150	100
	-node_tm
	-0.607653 0.000000 -0.794203 0.000000
	0.000000 1.000000 0.000000 0.000000
	0.794203 0.000000 -0.607653 0.000000
	-6015.318359 181.939606 347.008179 1.000000

	*neutralbm13	-500	-150	-100		500	150	100
	-node_tm
	-0.848695 0.000000 -0.528883 0.000000
	0.000000 1.000000 0.000000 0.000000
